<?xml version="1.0" encoding="utf-8"?>
<COLLADA xmlns="http://www.collada.org/2005/11/COLLADASchema" version="1.4.1">
  <asset><contributor><author>Mixamo</author><authoring_tool>COLLADA Mixamo exporter</authoring_tool><comments></comments></contributor><created>2019-01-15T19:16:21Z</created><modified>2019-01-15T19:16:21Z</modified><revision></revision><title></title><unit meter="0.010000"/><up_axis>Y_UP</up_axis></asset>
  <library_animations>
    <animation id="Hips-anim" name="Hips"><source id="Hips-Matrix-animation-input"><float_array id="Hips-Matrix-animation-input-array" count="160">

0.000000 0.033333 0.066667 0.100000 0.133333 0.166667 0.200000 0.233333 0.266667 0.300000 0.333333 0.366667 0.400000 0.433333 0.466667 0.500000
0.533333 0.566667 0.600000 0.633333 0.666667 0.700000 0.733333 0.766667 0.800000 0.833333 0.866667 0.900000 0.933333 0.966667 1.000000 1.033333
1.066667 1.100000 1.133333 1.166667 1.200000 1.233333 1.266667 1.300000 1.333333 1.366667 1.400000 1.433333 1.466667 1.500000 1.533333 1.566667
1.600000 1.633333 1.666667 1.700000 1.733333 1.766667 1.800000 1.833333 1.866667 1.900000 1.933333 1.966667 2.000000 2.033333 2.066667 2.100000
2.133333 2.166667 2.200000 2.233333 2.266667 2.300000 2.333333 2.366667 2.400000 2.433333 2.466667 2.500000 2.533333 2.566667 2.600000 2.633333
2.666667 2.700000 2.733333 2.766667 2.800000 2.833333 2.866667 2.900000 2.933333 2.966667 3.000000 3.033333 3.066667 3.100000 3.133333 3.166667
3.200000 3.233333 3.266667 3.300000 3.333333 3.366667 3.400000 3.433333 3.466667 3.500000 3.533333 3.566667 3.600000 3.633333 3.666667 3.700000
3.733333 3.766667 3.800000 3.833333 3.866667 3.900000 3.933333 3.966667 4.000000 4.033333 4.066667 4.100000 4.133333 4.166667 4.200000 4.233333
4.266667 4.300000 4.333333 4.366667 4.400000 4.433333 4.466667 4.500000 4.533333 4.566667 4.600000 4.633333 4.666667 4.700000 4.733333 4.766667
4.800000 4.833333 4.866667 4.900000 4.933333 4.966667 5.000000 5.033333 5.066667 5.100000 5.133333 5.166667 5.200000 5.233333 5.266667 5.300000</float_array><technique_common><accessor source="#Hips-Matrix-animation-input-array" count="160"><param name="TIME" type="float"/></accessor></technique_common></source><source id="Hips-Matrix-animation-output-transform"><float_array id="Hips-Matrix-animation-output-transform-array" count="2560">

0.999817 0.019147 0.000010 -0.005972 -0.019147 0.999807 0.004404 82.985435 0.000075 -0.004403 0.999990 0.845223 0.000000 0.000000 0.000000 1.000000
0.999811 0.019418 0.000163 -0.004876 -0.019419 0.999804 0.003823 82.972191 -0.000089 -0.003825 0.999993 0.871915 0.000000 0.000000 0.000000 1.000000
0.999806 0.019713 0.000342 -0.006655 -0.019714 0.999801 0.003098 82.964577 -0.000281 -0.003104 0.999995 0.900923 0.000000 0.000000 0.000000 1.000000
0.999801 0.019957 0.000494 -0.010913 -0.019958 0.999798 0.002269 82.963364 -0.000449 -0.002279 0.999997 0.932730 0.000000 0.000000 0.000000 1.000000
0.999799 0.020054 0.000768 -0.017694 -0.020055 0.999798 0.001449 82.966934 -0.000738 -0.001465 0.999999 0.966348 0.000000 0.000000 0.000000 1.000000
0.999798 0.020050 0.001244 -0.027672 -0.020051 0.999799 0.000760 82.972107 -0.001228 -0.000785 0.999999 1.000828 0.000000 0.000000 0.000000 1.000000
0.999798 0.020010 0.001787 -0.040327 -0.020010 0.999800 0.000217 82.975792 -0.001782 -0.000252 0.999998 1.036684 0.000000 0.000000 0.000000 1.000000
0.999798 0.019987 0.002174 -0.053065 -0.019986 0.999800 -0.000283 82.976715 -0.002179 0.000240 0.999998 1.075704 0.000000 0.000000 0.000000 1.000000
0.999797 0.020027 0.002258 -0.063475 -0.020025 0.999799 -0.000833 82.977066 -0.002274 0.000787 0.999997 1.121229 0.000000 0.000000 0.000000 1.000000
0.999793 0.020206 0.002165 -0.071043 -0.020203 0.999795 -0.001433 82.980896 -0.002193 0.001389 0.999997 1.176699 0.000000 0.000000 0.000000 1.000000
0.999790 0.020408 0.001967 -0.077204 -0.020404 0.999790 -0.002011 82.992661 -0.002008 0.001970 0.999996 1.243775 0.000000 0.000000 0.000000 1.000000
0.999786 0.020637 0.001672 -0.083097 -0.020633 0.999784 -0.002459 83.015099 -0.001722 0.002424 0.999996 1.322352 0.000000 0.000000 0.000000 1.000000
0.999782 0.020854 0.001235 -0.088836 -0.020851 0.999780 -0.002314 83.049866 -0.001283 0.002288 0.999997 1.408730 0.000000 0.000000 0.000000 1.000000
0.999776 0.021169 0.000712 -0.092514 -0.021168 0.999774 -0.001973 83.095718 -0.000754 0.001957 0.999998 1.504158 0.000000 0.000000 0.000000 1.000000
0.999768 0.021536 0.000084 -0.093493 -0.021536 0.999766 -0.001975 83.146492 -0.000127 0.001973 0.999998 1.608698 0.000000 0.000000 0.000000 1.000000
0.999761 0.021846 -0.000918 -0.091263 -0.021849 0.999757 -0.002928 83.195023 0.000854 0.002948 0.999995 1.724127 0.000000 0.000000 0.000000 1.000000
0.999753 0.022078 -0.002366 -0.084626 -0.022089 0.999745 -0.004689 83.245857 0.002262 0.004740 0.999986 1.853427 0.000000 0.000000 0.000000 1.000000
0.999741 0.022482 -0.003551 -0.070363 -0.022505 0.999725 -0.006570 83.299271 0.003402 0.006649 0.999972 1.997727 0.000000 0.000000 0.000000 1.000000
0.999718 0.023465 -0.003511 -0.045538 -0.023494 0.999689 -0.008353 83.345818 0.003314 0.008433 0.999959 2.152986 0.000000 0.000000 0.000000 1.000000
0.999687 0.024944 -0.002167 -0.011744 -0.024964 0.999637 -0.010096 83.383522 0.001914 0.010147 0.999947 2.316556 0.000000 0.000000 0.000000 1.000000
0.999660 0.026074 -0.000414 0.024078 -0.026077 0.999595 -0.011365 83.414688 0.000117 0.011372 0.999935 2.495106 0.000000 0.000000 0.000000 1.000000
0.999656 0.026196 0.001059 0.055762 -0.026182 0.999589 -0.011711 83.440971 -0.001365 0.011679 0.999931 2.696575 0.000000 0.000000 0.000000 1.000000
0.999670 0.025586 0.002370 0.082673 -0.025557 0.999609 -0.011369 83.456604 -0.002660 0.011305 0.999933 2.919351 0.000000 0.000000 0.000000 1.000000
0.999682 0.024944 0.003761 0.109040 -0.024901 0.999630 -0.010901 83.454399 -0.004031 0.010804 0.999934 3.154522 0.000000 0.000000 0.000000 1.000000
0.999686 0.024556 0.005004 0.137163 -0.024501 0.999642 -0.010767 83.439934 -0.005267 0.010641 0.999930 3.392570 0.000000 0.000000 0.000000 1.000000
0.999687 0.024349 0.005683 0.166768 -0.024284 0.999642 -0.011229 83.417572 -0.005954 0.011088 0.999921 3.627718 0.000000 0.000000 0.000000 1.000000
0.999690 0.024242 0.005684 0.198043 -0.024170 0.999631 -0.012425 83.382591 -0.005983 0.012283 0.999907 3.859726 0.000000 0.000000 0.000000 1.000000
0.999693 0.024234 0.005182 0.236779 -0.024159 0.999609 -0.014097 83.322945 -0.005522 0.013968 0.999887 4.089123 0.000000 0.000000 0.000000 1.000000
0.999691 0.024499 0.004284 0.286033 -0.024429 0.999577 -0.015786 83.254074 -0.004669 0.015677 0.999866 4.315321 0.000000 0.000000 0.000000 1.000000
0.999682 0.025033 0.002918 0.356238 -0.024978 0.999538 -0.017321 83.173981 -0.003350 0.017243 0.999846 4.544262 0.000000 0.000000 0.000000 1.000000
0.999676 0.025421 0.001086 0.437403 -0.025397 0.999504 -0.018617 83.103485 -0.001558 0.018583 0.999826 4.773343 0.000000 0.000000 0.000000 1.000000
0.999678 0.025348 -0.001177 0.512771 -0.025366 0.999487 -0.019552 83.071098 0.000681 0.019576 0.999808 4.999449 0.000000 0.000000 0.000000 1.000000
0.999682 0.024974 -0.003609 0.586593 -0.025041 0.999485 -0.020073 83.060997 0.003106 0.020157 0.999792 5.229743 0.000000 0.000000 0.000000 1.000000
0.999685 0.024432 -0.005715 0.660517 -0.024543 0.999496 -0.020111 83.071709 0.005220 0.020244 0.999781 5.461497 0.000000 0.000000 0.000000 1.000000
0.999690 0.023841 -0.007208 0.736501 -0.023979 0.999518 -0.019703 83.104706 0.006735 0.019870 0.999780 5.689026 0.000000 0.000000 0.000000 1.000000
0.999696 0.023243 -0.008245 0.813390 -0.023395 0.999548 -0.018887 83.160851 0.007803 0.019074 0.999788 5.908693 0.000000 0.000000 0.000000 1.000000
0.999702 0.022644 -0.009159 0.887345 -0.022804 0.999584 -0.017684 83.237770 0.008755 0.017887 0.999802 6.117121 0.000000 0.000000 0.000000 1.000000
0.999703 0.022143 -0.010168 0.957156 -0.022305 0.999621 -0.016134 83.329826 0.009806 0.016356 0.999818 6.309585 0.000000 0.000000 0.000000 1.000000
0.999698 0.021780 -0.011387 1.024132 -0.021942 0.999657 -0.014301 83.431778 0.011072 0.014547 0.999833 6.482743 0.000000 0.000000 0.000000 1.000000
0.999687 0.021398 -0.012974 1.087489 -0.021558 0.999692 -0.012301 83.538872 0.012706 0.012577 0.999840 6.635927 0.000000 0.000000 0.000000 1.000000
0.999665 0.020960 -0.015164 1.147295 -0.021116 0.999725 -0.010243 83.646912 0.014945 0.010560 0.999833 6.768147 0.000000 0.000000 0.000000 1.000000
0.999625 0.020537 -0.018128 1.206753 -0.020688 0.999752 -0.008201 83.750954 0.017955 0.008573 0.999802 6.876622 0.000000 0.000000 0.000000 1.000000
0.999562 0.020144 -0.021700 1.270393 -0.020285 0.999774 -0.006314 83.848160 0.021568 0.006751 0.999745 6.959412 0.000000 0.000000 0.000000 1.000000
0.999486 0.019674 -0.025324 1.337777 -0.019801 0.999792 -0.004785 83.940880 0.025225 0.005284 0.999668 7.017339 0.000000 0.000000 0.000000 1.000000
0.999414 0.019009 -0.028469 1.402660 -0.019120 0.999811 -0.003629 84.034561 0.028394 0.004171 0.999588 7.053066 0.000000 0.000000 0.000000 1.000000
0.999353 0.018233 -0.030998 1.459938 -0.018322 0.999829 -0.002597 84.133469 0.030945 0.003164 0.999516 7.070046 0.000000 0.000000 0.000000 1.000000
0.999301 0.017550 -0.033015 1.510231 -0.017610 0.999844 -0.001527 84.237083 0.032983 0.002107 0.999454 7.073104 0.000000 0.000000 0.000000 1.000000
0.999262 0.016980 -0.034461 1.555201 -0.017011 0.999855 -0.000603 84.341782 0.034445 0.001188 0.999406 7.067861 0.000000 0.000000 0.000000 1.000000
0.999252 0.016381 -0.035035 1.593069 -0.016393 0.999866 -0.000042 84.444641 0.035030 0.000616 0.999386 7.058920 0.000000 0.000000 0.000000 1.000000
0.999280 0.015662 -0.034557 1.619177 -0.015662 0.999877 0.000253 84.544296 0.034557 0.000288 0.999403 7.050099 0.000000 0.000000 0.000000 1.000000
0.999334 0.014858 -0.033326 1.634143 -0.014852 0.999890 0.000419 84.641022 0.033328 0.000076 0.999444 7.045099 0.000000 0.000000 0.000000 1.000000
0.999394 0.013854 -0.031943 1.642914 -0.013847 0.999904 0.000424 84.737724 0.031946 0.000019 0.999490 7.045648 0.000000 0.000000 0.000000 1.000000
0.999449 0.012484 -0.030743 1.650527 -0.012484 0.999922 0.000188 84.832840 0.030743 0.000196 0.999527 7.049272 0.000000 0.000000 0.000000 1.000000
0.999501 0.010764 -0.029692 1.655123 -0.010772 0.999942 -0.000129 84.924767 0.029689 0.000449 0.999559 7.050231 0.000000 0.000000 0.000000 1.000000
0.999545 0.009050 -0.028777 1.653019 -0.009063 0.999959 -0.000307 85.014023 0.028773 0.000568 0.999586 7.043806 0.000000 0.000000 0.000000 1.000000
0.999572 0.007690 -0.028226 1.641657 -0.007704 0.999970 -0.000400 85.100853 0.028223 0.000617 0.999601 7.026792 0.000000 0.000000 0.000000 1.000000
0.999577 0.006678 -0.028295 1.617983 -0.006697 0.999977 -0.000585 85.182060 0.028290 0.000775 0.999599 6.996489 0.000000 0.000000 0.000000 1.000000
0.999565 0.005788 -0.028932 1.578194 -0.005822 0.999982 -0.001098 85.255295 0.028925 0.001266 0.999581 6.950655 0.000000 0.000000 0.000000 1.000000
0.999544 0.004986 -0.029793 1.522566 -0.005046 0.999985 -0.001947 85.323517 0.029782 0.002097 0.999554 6.890350 0.000000 0.000000 0.000000 1.000000
0.999528 0.004512 -0.030392 1.454985 -0.004603 0.999985 -0.002937 85.392487 0.030378 0.003076 0.999534 6.820691 0.000000 0.000000 0.000000 1.000000
0.999532 0.004565 -0.030245 1.378205 -0.004682 0.999982 -0.003781 85.466309 0.030228 0.003920 0.999535 6.748352 0.000000 0.000000 0.000000 1.000000
0.999561 0.005043 -0.029190 1.294412 -0.005169 0.999978 -0.004249 85.544800 0.029168 0.004398 0.999565 6.678829 0.000000 0.000000 0.000000 1.000000
0.999606 0.005708 -0.027497 1.206812 -0.005829 0.999974 -0.004324 85.622810 0.027472 0.004483 0.999613 6.614566 0.000000 0.000000 0.000000 1.000000
0.999651 0.006446 -0.025610 1.118562 -0.006555 0.999970 -0.004177 85.692345 0.025582 0.004344 0.999663 6.553325 0.000000 0.000000 0.000000 1.000000
0.999686 0.007246 -0.023977 1.033151 -0.007342 0.999965 -0.003928 85.746323 0.023947 0.004103 0.999705 6.489554 0.000000 0.000000 0.000000 1.000000
0.999704 0.008098 -0.022950 0.954797 -0.008182 0.999960 -0.003572 85.780045 0.022920 0.003758 0.999730 6.419258 0.000000 0.000000 0.000000 1.000000
0.999704 0.008994 -0.022603 0.887857 -0.009067 0.999954 -0.003143 85.792221 0.022574 0.003347 0.999740 6.343052 0.000000 0.000000 0.000000 1.000000
0.999696 0.009876 -0.022583 0.834290 -0.009941 0.999947 -0.002776 85.787216 0.022554 0.003000 0.999741 6.264914 0.000000 0.000000 0.000000 1.000000
0.999691 0.010542 -0.022513 0.791911 -0.010606 0.999940 -0.002714 85.774292 0.022483 0.002952 0.999743 6.189051 0.000000 0.000000 0.000000 1.000000
0.999698 0.010769 -0.022091 0.757874 -0.010842 0.999936 -0.003215 85.762497 0.022055 0.003453 0.999751 6.118292 0.000000 0.000000 0.000000 1.000000
0.999720 0.010593 -0.021175 0.733376 -0.010686 0.999934 -0.004301 85.755928 0.021128 0.004526 0.999767 6.054564 0.000000 0.000000 0.000000 1.000000
0.999750 0.010338 -0.019829 0.721429 -0.010451 0.999930 -0.005603 85.753777 0.019770 0.005809 0.999788 5.998263 0.000000 0.000000 0.000000 1.000000
0.999780 0.010287 -0.018287 0.720446 -0.010410 0.999924 -0.006647 85.752823 0.018217 0.006835 0.999811 5.947992 0.000000 0.000000 0.000000 1.000000
0.999805 0.010330 -0.016838 0.725003 -0.010453 0.999919 -0.007275 85.749603 0.016762 0.007450 0.999832 5.902283 0.000000 0.000000 0.000000 1.000000
0.999822 0.010407 -0.015707 0.731636 -0.010529 0.999915 -0.007693 85.742584 0.015626 0.007857 0.999847 5.861009 0.000000 0.000000 0.000000 1.000000
0.999833 0.010522 -0.014970 0.739091 -0.010645 0.999910 -0.008132 85.734062 0.014883 0.008290 0.999855 5.825104 0.000000 0.000000 0.000000 1.000000
0.999837 0.010661 -0.014605 0.746758 -0.010787 0.999905 -0.008570 85.729172 0.014513 0.008726 0.999857 5.794070 0.000000 0.000000 0.000000 1.000000
0.999832 0.010934 -0.014713 0.754240 -0.011064 0.999900 -0.008809 85.731186 0.014616 0.008970 0.999853 5.763748 0.000000 0.000000 0.000000 1.000000
0.999816 0.011266 -0.015498 0.763091 -0.011403 0.999896 -0.008799 85.737404 0.015398 0.008974 0.999841 5.728232 0.000000 0.000000 0.000000 1.000000
0.999790 0.011558 -0.016894 0.778613 -0.011708 0.999893 -0.008778 85.740112 0.016791 0.008974 0.999819 5.682672 0.000000 0.000000 0.000000 1.000000
0.999760 0.011917 -0.018400 0.804283 -0.012084 0.999887 -0.008987 85.732529 0.018291 0.009208 0.999790 5.622935 0.000000 0.000000 0.000000 1.000000
0.999733 0.012442 -0.019460 0.834199 -0.012627 0.999876 -0.009424 85.715248 0.019340 0.009667 0.999766 5.546071 0.000000 0.000000 0.000000 1.000000
0.999721 0.012931 -0.019760 0.857030 -0.013128 0.999865 -0.009886 85.697189 0.019630 0.010142 0.999756 5.451774 0.000000 0.000000 0.000000 1.000000
0.999730 0.013111 -0.019200 0.867855 -0.013313 0.999857 -0.010395 85.687965 0.019061 0.010648 0.999762 5.343902 0.000000 0.000000 0.000000 1.000000
0.999752 0.013148 -0.017963 0.872953 -0.013352 0.999847 -0.011265 85.690186 0.017812 0.011502 0.999775 5.229321 0.000000 0.000000 0.000000 1.000000
0.999774 0.013468 -0.016460 0.880688 -0.013675 0.999828 -0.012543 85.698860 0.016289 0.012766 0.999786 5.114453 0.000000 0.000000 0.000000 1.000000
0.999788 0.014170 -0.014953 0.894950 -0.014376 0.999802 -0.013777 85.707291 0.014755 0.013989 0.999793 5.003099 0.000000 0.000000 0.000000 1.000000
0.999797 0.015049 -0.013418 0.916317 -0.015243 0.999779 -0.014507 85.711517 0.013196 0.014709 0.999805 4.896505 0.000000 0.000000 0.000000 1.000000
0.999802 0.015979 -0.011838 0.944391 -0.016152 0.999763 -0.014606 85.708961 0.011601 0.014795 0.999823 4.794157 0.000000 0.000000 0.000000 1.000000
0.999802 0.016968 -0.010407 0.978804 -0.017114 0.999754 -0.014098 85.695724 0.010165 0.014274 0.999846 4.696005 0.000000 0.000000 0.000000 1.000000
0.999794 0.018022 -0.009377 1.020766 -0.018143 0.999751 -0.012962 85.668114 0.009141 0.013129 0.999872 4.606181 0.000000 0.000000 0.000000 1.000000
0.999780 0.019022 -0.008804 1.071907 -0.019119 0.999755 -0.011129 85.629288 0.008591 0.011294 0.999899 4.528155 0.000000 0.000000 0.000000 1.000000
0.999768 0.019737 -0.008599 1.129529 -0.019810 0.999767 -0.008545 85.586441 0.008429 0.008714 0.999927 4.461839 0.000000 0.000000 0.000000 1.000000
0.999761 0.020066 -0.008690 1.185885 -0.020112 0.999784 -0.005308 85.544167 0.008582 0.005481 0.999948 4.403895 0.000000 0.000000 0.000000 1.000000
0.999755 0.020250 -0.008937 1.237228 -0.020266 0.999793 -0.001771 85.503464 0.008899 0.001952 0.999958 4.350599 0.000000 0.000000 0.000000 1.000000
0.999747 0.020543 -0.009119 1.287558 -0.020530 0.999788 0.001603 85.465027 0.009150 -0.001415 0.999957 4.298440 0.000000 0.000000 0.000000 1.000000
0.999738 0.021022 -0.009110 1.338047 -0.020980 0.999769 0.004671 85.428925 0.009206 -0.004479 0.999948 4.244256 0.000000 0.000000 0.000000 1.000000
0.999726 0.021557 -0.009131 1.381204 -0.021486 0.999739 0.007740 85.390121 0.009296 -0.007541 0.999928 4.187380 0.000000 0.000000 0.000000 1.000000
0.999714 0.022011 -0.009333 1.408776 -0.021906 0.999697 0.011197 85.344650 0.009577 -0.010989 0.999894 4.127486 0.000000 0.000000 0.000000 1.000000
0.999706 0.022316 -0.009497 1.420341 -0.022171 0.999640 0.015120 85.292297 0.009831 -0.014905 0.999841 4.063971 0.000000 0.000000 0.000000 1.000000
0.999705 0.022451 -0.009269 1.419631 -0.022269 0.999565 0.019332 85.235229 0.009699 -0.019119 0.999770 3.997869 0.000000 0.000000 0.000000 1.000000
0.999710 0.022531 -0.008558 1.408740 -0.022323 0.999471 0.023647 85.172325 0.009086 -0.023449 0.999684 3.932552 0.000000 0.000000 0.000000 1.000000
0.999713 0.022681 -0.007661 1.388201 -0.022460 0.999360 0.027855 85.100502 0.008288 -0.027675 0.999583 3.871648 0.000000 0.000000 0.000000 1.000000
0.999706 0.023192 -0.007057 1.362255 -0.022958 0.999235 0.031659 85.016479 0.007786 -0.031488 0.999474 3.817025 0.000000 0.000000 0.000000 1.000000
0.999687 0.024003 -0.007081 1.335090 -0.023741 0.999106 0.034986 84.918800 0.007915 -0.034807 0.999363 3.763890 0.000000 0.000000 0.000000 1.000000
0.999663 0.024804 -0.007628 1.300685 -0.024497 0.998978 0.037976 84.806824 0.008562 -0.037776 0.999250 3.708006 0.000000 0.000000 0.000000 1.000000
0.999644 0.025368 -0.008323 1.253577 -0.025009 0.998858 0.040718 84.682816 0.009346 -0.040495 0.999136 3.639358 0.000000 0.000000 0.000000 1.000000
0.999632 0.025612 -0.008902 1.185760 -0.025206 0.998753 0.043094 84.548523 0.009995 -0.042854 0.999031 3.553086 0.000000 0.000000 0.000000 1.000000
0.999632 0.025474 -0.009302 1.093401 -0.025031 0.998674 0.044976 84.407555 0.010435 -0.044727 0.998945 3.446390 0.000000 0.000000 0.000000 1.000000
0.999640 0.025004 -0.009764 0.981182 -0.024523 0.998615 0.046540 84.265915 0.010914 -0.046284 0.998869 3.314357 0.000000 0.000000 0.000000 1.000000
0.999651 0.024356 -0.010252 0.861049 -0.023837 0.998562 0.048022 84.134483 0.011407 -0.047761 0.998794 3.156703 0.000000 0.000000 0.000000 1.000000
0.999664 0.023654 -0.010614 0.745306 -0.023102 0.998511 0.049413 84.025009 0.011767 -0.049151 0.998722 2.982723 0.000000 0.000000 0.000000 1.000000
0.999674 0.023225 -0.010634 0.659621 -0.022659 0.998462 0.050601 83.941696 0.011793 -0.050343 0.998662 2.814251 0.000000 0.000000 0.000000 1.000000
0.999667 0.023534 -0.010571 0.623728 -0.022960 0.998407 0.051536 83.876328 0.011767 -0.051276 0.998615 2.674680 0.000000 0.000000 0.000000 1.000000
0.999652 0.024182 -0.010496 0.605334 -0.023599 0.998341 0.052515 83.824615 0.011749 -0.052250 0.998565 2.550435 0.000000 0.000000 0.000000 1.000000
0.999647 0.024437 -0.010421 0.582079 -0.023844 0.998273 0.053696 83.784241 0.011715 -0.053429 0.998503 2.428678 0.000000 0.000000 0.000000 1.000000
0.999653 0.024223 -0.010333 0.553493 -0.023620 0.998211 0.054924 83.751083 0.011645 -0.054661 0.998437 2.311204 0.000000 0.000000 0.000000 1.000000
0.999664 0.023853 -0.010173 0.519830 -0.023248 0.998160 0.056003 83.724030 0.011490 -0.055748 0.998379 2.199415 0.000000 0.000000 0.000000 1.000000
0.999673 0.023529 -0.010060 0.481497 -0.022921 0.998123 0.056789 83.700912 0.011377 -0.056540 0.998336 2.096909 0.000000 0.000000 0.000000 1.000000
0.999686 0.022930 -0.010089 0.432696 -0.022316 0.998111 0.057234 83.678719 0.011382 -0.056991 0.998310 2.009856 0.000000 0.000000 0.000000 1.000000
0.999705 0.022057 -0.010169 0.380995 -0.021437 0.998118 0.057461 83.658646 0.011417 -0.057226 0.998296 1.934702 0.000000 0.000000 0.000000 1.000000
0.999724 0.021142 -0.010228 0.333115 -0.020521 0.998139 0.057415 83.640022 0.011423 -0.057189 0.998298 1.867734 0.000000 0.000000 0.000000 1.000000
0.999739 0.020431 -0.010175 0.294322 -0.019821 0.998188 0.056808 83.623787 0.011317 -0.056592 0.998333 1.809923 0.000000 0.000000 0.000000 1.000000
0.999750 0.020051 -0.009851 0.266516 -0.019474 0.998267 0.055535 83.611633 0.010947 -0.055329 0.998408 1.765482 0.000000 0.000000 0.000000 1.000000
0.999756 0.020025 -0.009331 0.247744 -0.019495 0.998359 0.053852 83.603462 0.010394 -0.053657 0.998505 1.737835 0.000000 0.000000 0.000000 1.000000
0.999756 0.020254 -0.008867 0.234841 -0.019765 0.998444 0.052146 83.596352 0.009909 -0.051958 0.998600 1.727294 0.000000 0.000000 0.000000 1.000000
0.999752 0.020487 -0.008748 0.224782 -0.020019 0.998516 0.050647 83.585136 0.009772 -0.050460 0.998678 1.730235 0.000000 0.000000 0.000000 1.000000
0.999743 0.020767 -0.009057 0.219689 -0.020296 0.998575 0.049360 83.566322 0.010070 -0.049163 0.998740 1.740766 0.000000 0.000000 0.000000 1.000000
0.999732 0.021065 -0.009621 0.219425 -0.020577 0.998623 0.048247 83.545677 0.010624 -0.048036 0.998789 1.752435 0.000000 0.000000 0.000000 1.000000
0.999720 0.021338 -0.010217 0.222053 -0.020832 0.998662 0.047339 83.525940 0.011214 -0.047113 0.998827 1.760843 0.000000 0.000000 0.000000 1.000000
0.999707 0.021646 -0.010788 0.226620 -0.021121 0.998691 0.046586 83.508034 0.011782 -0.046345 0.998856 1.765193 0.000000 0.000000 0.000000 1.000000
0.999694 0.022007 -0.011291 0.232340 -0.021469 0.998721 0.045770 83.491249 0.012284 -0.045514 0.998888 1.769184 0.000000 0.000000 0.000000 1.000000
0.999685 0.022306 -0.011526 0.238709 -0.021768 0.998755 0.044887 83.470375 0.012513 -0.044622 0.998926 1.773391 0.000000 0.000000 0.000000 1.000000
0.999686 0.022366 -0.011332 0.247365 -0.021847 0.998792 0.044011 83.449684 0.012303 -0.043749 0.998967 1.775285 0.000000 0.000000 0.000000 1.000000
0.999700 0.021999 -0.010754 0.260376 -0.021515 0.998833 0.043241 83.427078 0.011693 -0.042997 0.999007 1.775301 0.000000 0.000000 0.000000 1.000000
0.999724 0.021280 -0.009939 0.276491 -0.020839 0.998877 0.042545 83.400085 0.010833 -0.042326 0.999045 1.773477 0.000000 0.000000 0.000000 1.000000
0.999749 0.020555 -0.008954 0.291566 -0.020164 0.998924 0.041761 83.367447 0.009803 -0.041570 0.999088 1.769189 0.000000 0.000000 0.000000 1.000000
0.999766 0.020125 -0.007871 0.302573 -0.019789 0.998975 0.040703 83.328835 0.008682 -0.040538 0.999140 1.761539 0.000000 0.000000 0.000000 1.000000
0.999776 0.019952 -0.007020 0.309882 -0.019663 0.999039 0.039161 83.283585 0.007795 -0.039014 0.999208 1.748065 0.000000 0.000000 0.000000 1.000000
0.999780 0.019804 -0.006854 0.315101 -0.019537 0.999124 0.037003 83.232315 0.007580 -0.036861 0.999292 1.727159 0.000000 0.000000 0.000000 1.000000
0.999776 0.019805 -0.007488 0.318549 -0.019537 0.999217 0.034411 83.178253 0.008164 -0.034257 0.999380 1.700728 0.000000 0.000000 0.000000 1.000000
0.999766 0.019877 -0.008567 0.318325 -0.019595 0.999303 0.031762 83.124512 0.009192 -0.031587 0.999459 1.671175 0.000000 0.000000 0.000000 1.000000
0.999756 0.019967 -0.009412 0.313229 -0.019684 0.999378 0.029272 83.071182 0.009990 -0.029080 0.999527 1.637562 0.000000 0.000000 0.000000 1.000000
0.999753 0.020084 -0.009497 0.304408 -0.019823 0.999443 0.026833 83.015572 0.010030 -0.026638 0.999595 1.596603 0.000000 0.000000 0.000000 1.000000
0.999756 0.020208 -0.008895 0.292339 -0.019988 0.999507 0.024204 82.953636 0.009380 -0.024020 0.999667 1.545908 0.000000 0.000000 0.000000 1.000000
0.999759 0.020463 -0.007966 0.274286 -0.020290 0.999567 0.021291 82.894341 0.008398 -0.021125 0.999742 1.468202 0.000000 0.000000 0.000000 1.000000
0.999764 0.020602 -0.006882 0.251471 -0.020472 0.999621 0.018423 82.836220 0.007259 -0.018278 0.999807 1.366250 0.000000 0.000000 0.000000 1.000000
0.999772 0.020573 -0.005663 0.229440 -0.020481 0.999663 0.015978 82.769745 0.005990 -0.015859 0.999856 1.261293 0.000000 0.000000 0.000000 1.000000
0.999781 0.020476 -0.004380 0.211108 -0.020413 0.999694 0.013950 82.700134 0.004664 -0.013858 0.999893 1.157825 0.000000 0.000000 0.000000 1.000000
0.999788 0.020355 -0.003179 0.196317 -0.020314 0.999719 0.012251 82.634521 0.003427 -0.012184 0.999920 1.059331 0.000000 0.000000 0.000000 1.000000
0.999795 0.020133 -0.002179 0.182338 -0.020108 0.999738 0.010893 82.580734 0.002398 -0.010847 0.999938 0.968969 0.000000 0.000000 0.000000 1.000000
0.999804 0.019753 -0.001411 0.166072 -0.019738 0.999757 0.009837 82.547058 0.001605 -0.009808 0.999951 0.890040 0.000000 0.000000 0.000000 1.000000
0.999815 0.019233 -0.000869 0.146058 -0.019224 0.999776 0.008881 82.540596 0.001040 -0.008863 0.999960 0.825669 0.000000 0.000000 0.000000 1.000000
0.999825 0.018695 -0.000555 0.123554 -0.018690 0.999795 0.007849 82.564865 0.000702 -0.007837 0.999969 0.779005 0.000000 0.000000 0.000000 1.000000
0.999833 0.018289 -0.000415 0.100786 -0.018286 0.999810 0.006787 82.618401 0.000539 -0.006778 0.999977 0.752783 0.000000 0.000000 0.000000 1.000000
0.999836 0.018124 -0.000322 0.078886 -0.018122 0.999819 0.005874 82.694466 0.000428 -0.005867 0.999983 0.747051 0.000000 0.000000 0.000000 1.000000
0.999835 0.018140 -0.000225 0.057820 -0.018139 0.999822 0.005200 82.781113 0.000320 -0.005195 0.999986 0.758490 0.000000 0.000000 0.000000 1.000000
0.999831 0.018359 -0.000131 0.036906 -0.018358 0.999820 0.004749 82.864731 0.000218 -0.004746 0.999989 0.782029 0.000000 0.000000 0.000000 1.000000
0.999825 0.018716 -0.000061 0.015618 -0.018716 0.999815 0.004472 82.934593 0.000144 -0.004470 0.999990 0.812458 0.000000 0.000000 0.000000 1.000000
0.999817 0.019146 0.000010 -0.005975 -0.019146 0.999807 0.004404 82.985451 0.000075 -0.004403 0.999990 0.845222 0.000000 0.000000 0.000000 1.000000</float_array><technique_common><accessor source="#Hips-Matrix-animation-output-transform-array" count="160" stride="16"><param type="float4x4"/></accessor></technique_common></source><source id="Hips-Interpolations"><Name_array id="Hips-Interpolations-array" count="160">
 LINEAR LINEAR LINEAR LINEAR LINEAR LINEAR LINEAR LINEAR LINEAR LINEAR LINEAR
LINEAR LINEAR LINEAR LINEAR LINEAR LINEAR LINEAR LINEAR LINEAR LINEAR LINEAR LINEAR
LINEAR LINEAR LINEAR LINEAR LINEAR LINEAR LINEAR LINEAR LINEAR LINEAR LINEAR LINEAR
LINEAR LINEAR LINEAR LINEAR LINEAR LINEAR LINEAR LINEAR LINEAR LINEAR LINEAR LINEAR
LINEAR LINEAR LINEAR LINEAR LINEAR LINEAR LINEAR LINEAR LINEAR LINEAR LINEAR LINEAR
LINEAR LINEAR LINEAR LINEAR LINEAR LINEAR LINEAR LINEAR LINEAR LINEAR LINEAR LINEAR
LINEAR LINEAR LINEAR LINEAR LINEAR LINEAR LINEAR LINEAR LINEAR LINEAR LINEAR LINEAR
LINEAR LINEAR LINEAR LINEAR LINEAR LINEAR LINEAR LINEAR LINEAR LINEAR LINEAR LINEAR
LINEAR LINEAR LINEAR LINEAR LINEAR LINEAR LINEAR LINEAR LINEAR LINEAR LINEAR LINEAR
LINEAR LINEAR LINEAR LINEAR LINEAR LINEAR LINEAR LINEAR LINEAR LINEAR LINEAR LINEAR
LINEAR LINEAR LINEAR LINEAR LINEAR LINEAR LINEAR LINEAR LINEAR LINEAR LINEAR LINEAR
LINEAR LINEAR LINEAR LINEAR LINEAR LINEAR LINEAR LINEAR LINEAR LINEAR LINEAR LINEAR
LINEAR LINEAR LINEAR LINEAR LINEAR LINEAR LINEAR LINEAR LINEAR LINEAR LINEAR LINEAR
LINEAR LINEAR LINEAR LINEAR LINEAR</Name_array><technique_common><accessor source="#Hips-Interpolations-array" count="160"><param type="name"/></accessor></technique_common></source><sampler id="Hips-Matrix-animation-transform"><input semantic="INPUT" source="#Hips-Matrix-animation-input"/><input semantic="OUTPUT" source="#Hips-Matrix-animation-output-transform"/><input semantic="INTERPOLATION" source="#Hips-Interpolations"/></sampler><channel source="#Hips-Matrix-animation-transform" target="Hips/matrix"/></animation>
    <animation id="Spine-anim" name="Spine"><source id="Spine-Matrix-animation-input"><float_array id="Spine-Matrix-animation-input-array" count="160">

0.000000 0.033333 0.066667 0.100000 0.133333 0.166667 0.200000 0.233333 0.266667 0.300000 0.333333 0.366667 0.400000 0.433333 0.466667 0.500000
0.533333 0.566667 0.600000 0.633333 0.666667 0.700000 0.733333 0.766667 0.800000 0.833333 0.866667 0.900000 0.933333 0.966667 1.000000 1.033333
1.066667 1.100000 1.133333 1.166667 1.200000 1.233333 1.266667 1.300000 1.333333 1.366667 1.400000 1.433333 1.466667 1.500000 1.533333 1.566667
1.600000 1.633333 1.666667 1.700000 1.733333 1.766667 1.800000 1.833333 1.866667 1.900000 1.933333 1.966667 2.000000 2.033333 2.066667 2.100000
2.133333 2.166667 2.200000 2.233333 2.266667 2.300000 2.333333 2.366667 2.400000 2.433333 2.466667 2.500000 2.533333 2.566667 2.600000 2.633333
2.666667 2.700000 2.733333 2.766667 2.800000 2.833333 2.866667 2.900000 2.933333 2.966667 3.000000 3.033333 3.066667 3.100000 3.133333 3.166667
3.200000 3.233333 3.266667 3.300000 3.333333 3.366667 3.400000 3.433333 3.466667 3.500000 3.533333 3.566667 3.600000 3.633333 3.666667 3.700000
3.733333 3.766667 3.800000 3.833333 3.866667 3.900000 3.933333 3.966667 4.000000 4.033333 4.066667 4.100000 4.133333 4.166667 4.200000 4.233333
4.266667 4.300000 4.333333 4.366667 4.400000 4.433333 4.466667 4.500000 4.533333 4.566667 4.600000 4.633333 4.666667 4.700000 4.733333 4.766667
4.800000 4.833333 4.866667 4.900000 4.933333 4.966667 5.000000 5.033333 5.066667 5.100000 5.133333 5.166667 5.200000 5.233333 5.266667 5.300000</float_array><technique_common><accessor source="#Spine-Matrix-animation-input-array" count="160"><param name="TIME" type="float"/></accessor></technique_common></source><source id="Spine-Matrix-animation-output-transform"><float_array id="Spine-Matrix-animation-output-transform-array" count="2560">

0.999967 -0.006765 0.004514 -0.000000 0.007773 0.958358 -0.285463 13.663900 -0.002395 0.285488 0.958379 -1.184000 0.000000 0.000000 0.000000 1.000000
0.999967 -0.006752 0.004520 0.000000 0.007761 0.958356 -0.285471 13.663900 -0.002405 0.285497 0.958377 -1.184000 0.000000 0.000000 0.000000 1.000000
0.999967 -0.006739 0.004521 0.000000 0.007749 0.958368 -0.285430 13.663900 -0.002409 0.285456 0.958389 -1.184000 0.000000 0.000000 0.000000 1.000000
0.999967 -0.006722 0.004512 0.000000 0.007730 0.958401 -0.285319 13.663900 -0.002406 0.285345 0.958422 -1.184000 0.000000 0.000000 0.000000 1.000000
0.999967 -0.006702 0.004494 0.000000 0.007705 0.958453 -0.285146 13.663900 -0.002397 0.285171 0.958474 -1.184000 0.000000 0.000000 0.000000 1.000000
0.999968 -0.006676 0.004472 0.000000 0.007674 0.958510 -0.284956 13.663900 -0.002384 0.284981 0.958530 -1.184000 0.000000 0.000000 0.000000 1.000000
0.999968 -0.006649 0.004451 0.000000 0.007641 0.958562 -0.284783 13.663900 -0.002373 0.284808 0.958582 -1.184000 0.000000 0.000000 0.000000 1.000000
0.999968 -0.006626 0.004434 0.000000 0.007614 0.958614 -0.284607 13.663900 -0.002364 0.284632 0.958634 -1.184000 0.000000 0.000000 0.000000 1.000000
0.999968 -0.006613 0.004419 -0.000000 0.007596 0.958690 -0.284350 13.663900 -0.002356 0.284375 0.958710 -1.184000 0.000000 0.000000 0.000000 1.000000
0.999968 -0.006625 0.004410 -0.000000 0.007604 0.958822 -0.283906 13.663900 -0.002348 0.283931 0.958842 -1.184000 0.000000 0.000000 0.000000 1.000000
0.999968 -0.006669 0.004406 0.000000 0.007644 0.959030 -0.283202 13.663900 -0.002337 0.283226 0.959050 -1.184000 0.000000 0.000000 0.000000 1.000000
0.999967 -0.006756 0.004410 -0.000000 0.007726 0.959319 -0.282218 13.663900 -0.002324 0.282242 0.959340 -1.184000 0.000000 0.000000 0.000000 1.000000
0.999967 -0.006810 0.004408 -0.000000 0.007774 0.959588 -0.281301 13.663900 -0.002314 0.281326 0.959609 -1.184000 0.000000 0.000000 0.000000 1.000000
0.999966 -0.006925 0.004395 0.000000 0.007878 0.959955 -0.280044 13.663900 -0.002280 0.280069 0.959977 -1.184000 0.000000 0.000000 0.000000 1.000000
0.999966 -0.007063 0.004353 -0.000000 0.007996 0.960442 -0.278367 13.663900 -0.002215 0.278392 0.960465 -1.184000 0.000000 0.000000 0.000000 1.000000
0.999965 -0.007171 0.004272 0.000000 0.008072 0.961071 -0.276185 13.663900 -0.002125 0.276210 0.961095 -1.184000 0.000000 0.000000 0.000000 1.000000
0.999965 -0.007232 0.004151 0.000000 0.008092 0.961834 -0.273514 13.663900 -0.002015 0.273538 0.961859 -1.184000 0.000000 0.000000 0.000000 1.000000
0.999965 -0.007310 0.003988 0.000000 0.008117 0.962693 -0.270475 13.663900 -0.001862 0.270498 0.962719 -1.184000 0.000000 0.000000 0.000000 1.000000
0.999965 -0.007490 0.003766 0.000000 0.008224 0.963605 -0.267205 13.663900 -0.001628 0.267227 0.963632 -1.184000 0.000000 0.000000 0.000000 1.000000
0.999964 -0.007762 0.003490 -0.000000 0.008408 0.964538 -0.263811 13.663900 -0.001318 0.263831 0.964568 -1.184000 0.000000 0.000000 0.000000 1.000000
0.999963 -0.008001 0.003213 0.000000 0.008561 0.965464 -0.260397 13.663900 -0.001018 0.260415 0.965496 -1.184000 0.000000 0.000000 0.000000 1.000000
0.999963 -0.008103 0.003003 0.000000 0.008603 0.966350 -0.257088 13.663900 -0.000819 0.257104 0.966383 -1.184000 0.000000 0.000000 0.000000 1.000000
0.999963 -0.008076 0.002872 -0.000000 0.008541 0.967172 -0.253978 13.663900 -0.000727 0.253993 0.967206 -1.184000 0.000000 0.000000 0.000000 1.000000
0.999964 -0.007967 0.002780 -0.000000 0.008410 0.967927 -0.251089 13.663900 -0.000691 0.251103 0.967960 -1.184000 0.000000 0.000000 0.000000 1.000000
0.999966 -0.007766 0.002690 -0.000000 0.008191 0.968623 -0.248400 13.663900 -0.000677 0.248413 0.968654 -1.184000 0.000000 0.000000 0.000000 1.000000
0.999969 -0.007400 0.002604 0.000000 0.007813 0.969257 -0.245927 13.663900 -0.000704 0.245940 0.969285 -1.184000 0.000000 0.000000 0.000000 1.000000
0.999974 -0.006775 0.002526 0.000000 0.007186 0.969812 -0.243747 13.663900 -0.000799 0.243758 0.969836 -1.184000 0.000000 0.000000 0.000000 1.000000
0.999980 -0.005799 0.002410 -0.000000 0.006209 0.970276 -0.241921 13.663900 -0.000935 0.241932 0.970293 -1.184000 0.000000 0.000000 0.000000 1.000000
0.999988 -0.004403 0.002161 -0.000000 0.004794 0.970653 -0.240438 13.663900 -0.001038 0.240446 0.970662 -1.184000 0.000000 0.000000 0.000000 1.000000
0.999995 -0.002653 0.001747 0.000000 0.002994 0.970970 -0.239181 13.663900 -0.001062 0.239185 0.970973 -1.184000 0.000000 0.000000 0.000000 1.000000
0.999999 -0.000725 0.001234 0.000000 0.000998 0.971281 -0.237931 13.663900 -0.001026 0.237932 0.971281 -1.184000 0.000000 0.000000 0.000000 1.000000
0.999999 0.001207 0.000712 0.000000 -0.001005 0.971635 -0.236481 13.663900 -0.000977 0.236481 0.971636 -1.184000 0.000000 0.000000 0.000000 1.000000
0.999995 0.003077 0.000247 -0.000000 -0.002933 0.972055 -0.234736 13.663900 -0.000962 0.234734 0.972059 -1.184000 0.000000 0.000000 0.000000 1.000000
0.999988 0.004899 -0.000142 0.000000 -0.004797 0.972539 -0.232690 13.663900 -0.001002 0.232688 0.972551 -1.184000 0.000000 0.000000 0.000000 1.000000
0.999978 0.006649 -0.000451 0.000000 -0.006575 0.973081 -0.230369 13.663900 -0.001093 0.230367 0.973103 -1.184000 0.000000 0.000000 0.000000 1.000000
0.999965 0.008281 -0.000681 0.000000 -0.008219 0.973668 -0.227823 13.663900 -0.001223 0.227820 0.973702 -1.184000 0.000000 0.000000 0.000000 1.000000
0.999952 0.009758 -0.000824 -0.000000 -0.009693 0.974280 -0.225130 13.663900 -0.001394 0.225128 0.974328 -1.184000 0.000000 0.000000 0.000000 1.000000
0.999939 0.011033 -0.000866 0.000000 -0.010949 0.974900 -0.222373 13.663900 -0.001610 0.222369 0.974961 -1.184000 0.000000 0.000000 0.000000 1.000000
0.999927 0.012059 -0.000808 -0.000000 -0.011942 0.975517 -0.219600 13.663900 -0.001860 0.219594 0.975590 -1.184000 0.000000 0.000000 0.000000 1.000000
0.999917 0.012847 -0.000672 -0.000000 -0.012687 0.976124 -0.216843 13.663900 -0.002130 0.216833 0.976206 -1.184000 0.000000 0.000000 0.000000 1.000000
0.999909 0.013476 -0.000462 0.000000 -0.013263 0.976708 -0.214164 13.663900 -0.002435 0.214151 0.976798 -1.184000 0.000000 0.000000 0.000000 1.000000
0.999901 0.014041 -0.000175 0.000000 -0.013760 0.977243 -0.211676 13.663900 -0.002801 0.211657 0.977340 -1.184000 0.000000 0.000000 0.000000 1.000000
0.999894 0.014591 0.000156 -0.000000 -0.014235 0.977712 -0.209468 13.663900 -0.003209 0.209443 0.977816 -1.184000 0.000000 0.000000 0.000000 1.000000
0.999885 0.015136 0.000481 -0.000000 -0.014706 0.978117 -0.207535 13.663900 -0.003611 0.207504 0.978228 -1.184000 0.000000 0.000000 0.000000 1.000000
0.999877 0.015655 0.000793 -0.000000 -0.015157 0.978475 -0.205809 13.663900 -0.003998 0.205772 0.978592 -1.184000 0.000000 0.000000 0.000000 1.000000
0.999869 0.016115 0.001162 -0.000000 -0.015538 0.978792 -0.204264 13.663900 -0.004430 0.204219 0.978915 -1.184000 0.000000 0.000000 0.000000 1.000000
0.999863 0.016488 0.001676 0.000000 -0.015805 0.979064 -0.202937 13.663900 -0.004987 0.202882 0.979190 -1.184000 0.000000 0.000000 0.000000 1.000000
0.999857 0.016762 0.002347 0.000000 -0.015943 0.979283 -0.201869 13.663900 -0.005682 0.201803 0.979410 -1.184000 0.000000 0.000000 0.000000 1.000000
0.999852 0.016927 0.003101 0.000000 -0.015958 0.979448 -0.201063 13.663900 -0.006440 0.200984 0.979573 -1.184000 0.000000 0.000000 0.000000 1.000000
0.999848 0.016989 0.003869 -0.000000 -0.015868 0.979567 -0.200491 13.663900 -0.007196 0.200399 0.979688 -1.184000 0.000000 0.000000 0.000000 1.000000
0.999845 0.016976 0.004645 -0.000000 -0.015703 0.979650 -0.200099 13.663900 -0.007947 0.199995 0.979765 -1.184000 0.000000 0.000000 0.000000 1.000000
0.999842 0.016941 0.005443 0.000000 -0.015513 0.979715 -0.199794 13.663900 -0.008717 0.199678 0.979823 -1.184000 0.000000 0.000000 0.000000 1.000000
0.999837 0.016925 0.006236 0.000000 -0.015341 0.979772 -0.199527 13.663900 -0.009487 0.199399 0.979872 -1.184000 0.000000 0.000000 0.000000 1.000000
0.999833 0.016911 0.006984 -0.000000 -0.015180 0.979819 -0.199310 13.663900 -0.010214 0.199171 0.979912 -1.184000 0.000000 0.000000 0.000000 1.000000
0.999829 0.016822 0.007691 0.000000 -0.014954 0.979851 -0.199169 13.663900 -0.010887 0.199020 0.979935 -1.184000 0.000000 0.000000 0.000000 1.000000
0.999827 0.016572 0.008398 0.000000 -0.014569 0.979871 -0.199101 13.663900 -0.011528 0.198944 0.979943 -1.184000 0.000000 0.000000 0.000000 1.000000
0.999828 0.016137 0.009135 0.000000 -0.013996 0.979885 -0.199071 13.663900 -0.012163 0.198909 0.979943 -1.184000 0.000000 0.000000 0.000000 1.000000
0.999829 0.015592 0.009905 0.000000 -0.013309 0.979900 -0.199046 13.663900 -0.012810 0.198881 0.979940 -1.184000 0.000000 0.000000 0.000000 1.000000
0.999829 0.015058 0.010707 -0.000000 -0.012627 0.979914 -0.199019 13.663900 -0.013488 0.198850 0.979937 -1.184000 0.000000 0.000000 0.000000 1.000000
0.999827 0.014612 0.011545 0.000000 -0.012023 0.979927 -0.198994 13.663900 -0.014221 0.198821 0.979933 -1.184000 0.000000 0.000000 0.000000 1.000000
0.999821 0.014239 0.012423 0.000000 -0.011484 0.979937 -0.198978 13.663900 -0.015007 0.198800 0.979925 -1.184000 0.000000 0.000000 0.000000 1.000000
0.999815 0.013905 0.013295 0.000000 -0.010983 0.979944 -0.198972 13.663900 -0.015795 0.198789 0.979915 -1.184000 0.000000 0.000000 0.000000 1.000000
0.999808 0.013628 0.014069 0.000000 -0.010557 0.979948 -0.198973 13.663900 -0.016499 0.198786 0.979904 -1.184000 0.000000 0.000000 0.000000 1.000000
0.999801 0.013475 0.014685 -0.000000 -0.010285 0.979948 -0.198989 13.663900 -0.017072 0.198798 0.979892 -1.184000 0.000000 0.000000 0.000000 1.000000
0.999794 0.013467 0.015153 -0.000000 -0.010183 0.979940 -0.199034 13.663900 -0.017530 0.198838 0.979876 -1.184000 0.000000 0.000000 0.000000 1.000000
0.999788 0.013523 0.015523 0.000000 -0.010162 0.979923 -0.199116 13.663900 -0.017904 0.198916 0.979853 -1.184000 0.000000 0.000000 0.000000 1.000000
0.999783 0.013512 0.015847 0.000000 -0.010085 0.979902 -0.199225 13.663900 -0.018221 0.199022 0.979826 -1.184000 0.000000 0.000000 0.000000 1.000000
0.999780 0.013363 0.016167 -0.000000 -0.009874 0.979880 -0.199345 13.663900 -0.018506 0.199142 0.979796 -1.184000 0.000000 0.000000 0.000000 1.000000
