<?xml version="1.0" encoding="utf-8"?>
<COLLADA xmlns="http://www.collada.org/2005/11/COLLADASchema" version="1.4.1">
  <asset><contributor><author>Mixamo</author><authoring_tool>COLLADA Mixamo exporter</authoring_tool><comments></comments></contributor><created>2019-01-15T19:17:07Z</created><modified>2019-01-15T19:17:07Z</modified><revision></revision><title></title><unit meter="0.010000"/><up_axis>Y_UP</up_axis></asset>
  <library_animations>
    <animation id="Hips-anim" name="Hips"><source id="Hips-Matrix-animation-input"><float_array id="Hips-Matrix-animation-input-array" count="141">

0.000000 0.033333 0.066667 0.100000 0.133333 0.166667 0.200000 0.233333 0.266667 0.300000 0.333333 0.366667 0.400000 0.433333 0.466667 0.500000
0.533333 0.566667 0.600000 0.633333 0.666667 0.700000 0.733333 0.766667 0.800000 0.833333 0.866667 0.900000 0.933333 0.966667 1.000000 1.033333
1.066667 1.100000 1.133333 1.166667 1.200000 1.233333 1.266667 1.300000 1.333333 1.366667 1.400000 1.433333 1.466667 1.500000 1.533333 1.566667
1.600000 1.633333 1.666667 1.700000 1.733333 1.766667 1.800000 1.833333 1.866667 1.900000 1.933333 1.966667 2.000000 2.033333 2.066667 2.100000
2.133333 2.166667 2.200000 2.233333 2.266667 2.300000 2.333333 2.366667 2.400000 2.433333 2.466667 2.500000 2.533333 2.566667 2.600000 2.633333
2.666667 2.700000 2.733333 2.766667 2.800000 2.833333 2.866667 2.900000 2.933333 2.966667 3.000000 3.033333 3.066667 3.100000 3.133333 3.166667
3.200000 3.233333 3.266667 3.300000 3.333333 3.366667 3.400000 3.433333 3.466667 3.500000 3.533333 3.566667 3.600000 3.633333 3.666667 3.700000
3.733333 3.766667 3.800000 3.833333 3.866667 3.900000 3.933333 3.966667 4.000000 4.033333 4.066667 4.100000 4.133333 4.166667 4.200000 4.233333
4.266667 4.300000 4.333333 4.366667 4.400000 4.433333 4.466667 4.500000 4.533333 4.566667 4.600000 4.633333 4.666667</float_array><technique_common><accessor source="#Hips-Matrix-animation-input-array" count="141"><param name="TIME" type="float"/></accessor></technique_common></source><source id="Hips-Matrix-animation-output-transform"><float_array id="Hips-Matrix-animation-output-transform-array" count="2256">

0.999817 0.019151 0.000013 -0.005814 -0.019151 0.999807 0.004404 82.985527 0.000072 -0.004403 0.999990 0.845240 0.000000 0.000000 0.000000 1.000000
0.999811 0.019447 0.000020 -0.007521 -0.019447 0.999799 0.004880 82.987282 0.000075 -0.004879 0.999988 0.846842 0.000000 0.000000 0.000000 1.000000
0.999805 0.019758 0.000032 -0.012618 -0.019758 0.999789 0.005600 82.991280 0.000078 -0.005600 0.999984 0.850356 0.000000 0.000000 0.000000 1.000000
0.999798 0.020081 0.000121 -0.022364 -0.020081 0.999778 0.006417 82.999054 0.000007 -0.006419 0.999979 0.857265 0.000000 0.000000 0.000000 1.000000
0.999794 0.020313 0.000322 -0.037392 -0.020315 0.999768 0.007181 83.013039 -0.000176 -0.007186 0.999974 0.871047 0.000000 0.000000 0.000000 1.000000
0.999793 0.020328 0.000568 -0.056400 -0.020332 0.999763 0.007828 83.033669 -0.000408 -0.007838 0.999969 0.892882 0.000000 0.000000 0.000000 1.000000
0.999794 0.020276 0.000859 -0.079423 -0.020283 0.999759 0.008437 83.058464 -0.000687 -0.008453 0.999964 0.918372 0.000000 0.000000 0.000000 1.000000
0.999796 0.020177 0.001197 -0.109609 -0.020187 0.999755 0.009094 83.090958 -0.001013 -0.009116 0.999958 0.949591 0.000000 0.000000 0.000000 1.000000
0.999808 0.019538 0.001576 -0.152511 -0.019552 0.999763 0.009570 83.150574 -0.001389 -0.009599 0.999953 1.012684 0.000000 0.000000 0.000000 1.000000
0.999852 0.017099 0.002005 -0.201647 -0.017116 0.999812 0.009089 83.266022 -0.001849 -0.009122 0.999957 1.148826 0.000000 0.000000 0.000000 1.000000
0.999924 0.012061 0.002528 -0.230841 -0.012078 0.999904 0.006825 83.444916 -0.002446 -0.006855 0.999974 1.368202 0.000000 0.000000 0.000000 1.000000
0.999984 0.005162 0.002112 -0.205935 -0.005168 0.999983 0.002535 83.661110 -0.002099 -0.002546 0.999995 1.636121 0.000000 0.000000 0.000000 1.000000
0.999998 -0.001859 -0.000822 -0.119186 0.001856 0.999993 -0.003327 83.874458 0.000828 0.003325 0.999994 1.918877 0.000000 0.000000 0.000000 1.000000
0.999947 -0.007661 -0.006862 0.004154 0.007592 0.999920 -0.010072 84.052345 0.006939 0.010020 0.999926 2.214898 0.000000 0.000000 0.000000 1.000000
0.999818 -0.012000 -0.014830 0.133731 0.011748 0.999788 -0.016937 84.180466 0.015030 0.016760 0.999747 2.534698 0.000000 0.000000 0.000000 1.000000
0.999626 -0.015127 -0.022803 0.266852 0.014603 0.999630 -0.022967 84.252075 0.023142 0.022625 0.999476 2.870434 0.000000 0.000000 0.000000 1.000000
0.999412 -0.017259 -0.029632 0.418450 0.016455 0.999495 -0.027181 84.263245 0.030087 0.026677 0.999191 3.204343 0.000000 0.000000 0.000000 1.000000
0.999199 -0.018445 -0.035509 0.589449 0.017411 0.999421 -0.029223 84.213974 0.036028 0.028582 0.998942 3.532496 0.000000 0.000000 0.000000 1.000000
0.998997 -0.018675 -0.040686 0.766129 0.017490 0.999417 -0.029309 84.103546 0.041210 0.028568 0.998742 3.860306 0.000000 0.000000 0.000000 1.000000
0.998838 -0.017926 -0.044740 0.936023 0.016703 0.999481 -0.027558 83.928947 0.045211 0.026779 0.998618 4.187491 0.000000 0.000000 0.000000 1.000000
0.998744 -0.016130 -0.047430 1.089216 0.015023 0.999608 -0.023610 83.698624 0.047792 0.022867 0.998596 4.508782 0.000000 0.000000 0.000000 1.000000
0.998710 -0.013292 -0.049013 1.213620 0.012471 0.999777 -0.017019 83.441566 0.049228 0.016386 0.998653 4.819129 0.000000 0.000000 0.000000 1.000000
0.998727 -0.009686 -0.049510 1.300413 0.009290 0.999923 -0.008218 83.176033 0.049586 0.007748 0.998740 5.108099 0.000000 0.000000 0.000000 1.000000
0.998798 -0.005924 -0.048648 1.349110 0.005982 0.999982 0.001037 82.888054 0.048641 -0.001327 0.998815 5.351017 0.000000 0.000000 0.000000 1.000000
0.998926 -0.002768 -0.046255 1.366273 0.003176 0.999957 0.008755 82.590233 0.046229 -0.008892 0.998891 5.521281 0.000000 0.000000 0.000000 1.000000
0.999110 -0.001021 -0.042177 1.357977 0.001601 0.999904 0.013729 82.394012 0.042159 -0.013784 0.999016 5.603835 0.000000 0.000000 0.000000 1.000000
0.999341 -0.001154 -0.036270 1.322813 0.001726 0.999875 0.015748 82.461670 0.036247 -0.015800 0.999218 5.595774 0.000000 0.000000 0.000000 1.000000
0.999588 -0.003085 -0.028547 1.253438 0.003511 0.999883 0.014901 82.865128 0.028498 -0.014995 0.999481 5.493743 0.000000 0.000000 0.000000 1.000000
0.999797 -0.006314 -0.019126 1.147142 0.006530 0.999916 0.011233 83.535843 0.019053 -0.011355 0.999754 5.291876 0.000000 0.000000 0.000000 1.000000
0.999911 -0.010376 -0.008344 1.010045 0.010416 0.999934 0.004770 84.353149 0.008294 -0.004856 0.999954 4.990319 0.000000 0.000000 0.000000 1.000000
0.999885 -0.014862 0.002893 0.846653 0.014874 0.999880 -0.004240 85.204903 -0.002829 0.004283 0.999987 4.598773 0.000000 0.000000 0.000000 1.000000
0.999724 -0.019210 0.013555 0.649403 0.019411 0.999701 -0.014874 85.995941 -0.013265 0.015133 0.999797 4.133865 0.000000 0.000000 0.000000 1.000000
0.999479 -0.022572 0.023065 0.409631 0.023157 0.999409 -0.025421 86.629463 -0.022478 0.025942 0.999411 3.618627 0.000000 0.000000 0.000000 1.000000
0.999236 -0.023995 0.030862 0.137102 0.025041 0.999109 -0.033981 87.015259 -0.030019 0.034728 0.998946 3.083850 0.000000 0.000000 0.000000 1.000000
0.999093 -0.022924 0.035886 -0.147805 0.024341 0.998922 -0.039537 87.102623 -0.034941 0.040374 0.998574 2.554630 0.000000 0.000000 0.000000 1.000000
0.999116 -0.019375 0.037316 -0.430609 0.020935 0.998904 -0.041867 86.882355 -0.036464 0.042612 0.998426 2.040470 0.000000 0.000000 0.000000 1.000000
0.999260 -0.013699 0.035949 -0.707224 0.015164 0.999052 -0.040810 86.380379 -0.035356 0.041325 0.998520 1.545370 0.000000 0.000000 0.000000 1.000000
0.999391 -0.006217 0.034336 -0.974481 0.007453 0.999324 -0.036000 85.646652 -0.034089 0.036234 0.998762 1.089415 0.000000 0.000000 0.000000 1.000000
0.999350 0.002836 0.035940 -1.226441 -0.001839 0.999614 -0.027739 84.747215 -0.036005 0.027655 0.998969 0.695491 0.000000 0.000000 0.000000 1.000000
0.998977 0.012887 0.043354 -1.458788 -0.012132 0.999771 -0.017645 83.760803 -0.043571 0.017101 0.998904 0.352137 0.000000 0.000000 0.000000 1.000000
0.998164 0.022461 0.056249 -1.663340 -0.022039 0.999724 -0.008116 82.796829 -0.056416 0.006861 0.998384 0.026615 0.000000 0.000000 0.000000 1.000000
0.997034 0.029318 0.071154 -1.824539 -0.029366 0.999569 -0.000373 81.991379 -0.071135 -0.001717 0.997465 -0.263060 0.000000 0.000000 0.000000 1.000000
0.995996 0.031758 0.083566 -1.917423 -0.032364 0.999459 0.005899 81.465530 -0.083333 -0.008580 0.996485 -0.432687 0.000000 0.000000 0.000000 1.000000
0.995429 0.030266 0.090580 -1.946422 -0.031390 0.999447 0.011009 81.268448 -0.090197 -0.013802 0.995828 -0.422374 0.000000 0.000000 0.000000 1.000000
0.995554 0.027535 0.090082 -1.926074 -0.028916 0.999483 0.014056 81.354851 -0.089648 -0.016598 0.995835 -0.238979 0.000000 0.000000 0.000000 1.000000
0.996446 0.024942 0.080455 -1.901286 -0.026146 0.999561 0.013955 81.687721 -0.080071 -0.016009 0.996661 0.075906 0.000000 0.000000 0.000000 1.000000
0.997829 0.021511 0.062253 -1.906175 -0.022237 0.999692 0.011000 82.259239 -0.061997 -0.012360 0.998000 0.523406 0.000000 0.000000 0.000000 1.000000
0.999066 0.016772 0.039814 -1.905823 -0.017021 0.999838 0.005919 82.996826 -0.039708 -0.006591 0.999190 1.136914 0.000000 0.000000 0.000000 1.000000
0.999746 0.011079 0.019639 -1.852478 -0.011037 0.999937 -0.002247 83.802933 -0.019662 0.002029 0.999805 1.895342 0.000000 0.000000 0.000000 1.000000
0.999982 0.002850 0.005327 -1.667459 -0.002744 0.999799 -0.019867 84.763252 -0.005383 0.019852 0.999788 2.924009 0.000000 0.000000 0.000000 1.000000
0.999969 -0.007337 0.002898 -1.388147 0.007460 0.998959 -0.044997 85.536949 -0.002564 0.045017 0.998983 3.891387 0.000000 0.000000 0.000000 1.000000
0.999794 -0.020040 0.003337 -1.102369 0.020230 0.997108 -0.073250 86.079605 -0.001859 0.073303 0.997308 4.778612 0.000000 0.000000 0.000000 1.000000
0.999429 -0.033770 -0.000686 -0.853426 0.033519 0.994087 -0.103283 86.351273 0.004170 0.103201 0.994652 5.657663 0.000000 0.000000 0.000000 1.000000
0.998939 -0.044421 -0.012184 -0.586154 0.042354 0.989786 -0.136122 86.292610 0.018106 0.135461 0.990617 6.663374 0.000000 0.000000 0.000000 1.000000
0.998429 -0.047440 -0.029801 -0.181163 0.041699 0.984525 -0.170208 85.913437 0.037414 0.168698 0.984957 7.805944 0.000000 0.000000 0.000000 1.000000
0.998060 -0.044016 -0.044033 0.415353 0.034234 0.978709 -0.202377 85.350403 0.052003 0.200477 0.978317 8.868999 0.000000 0.000000 0.000000 1.000000
0.998086 -0.043325 -0.044133 1.182709 0.031858 0.971825 -0.233540 84.713730 0.053008 0.231687 0.971345 9.756929 0.000000 0.000000 0.000000 1.000000
0.998134 -0.052744 -0.030764 2.100542 0.042693 0.963039 -0.265958 83.918503 0.043654 0.264149 0.963494 10.553283 0.000000 0.000000 0.000000 1.000000
0.997722 -0.065626 -0.015629 3.126359 0.058201 0.954496 -0.292488 82.774323 0.034112 0.290912 0.956141 11.210195 0.000000 0.000000 0.000000 1.000000
0.997489 -0.070098 -0.010087 4.144311 0.063723 0.950522 -0.304051 81.331253 0.030902 0.302645 0.952602 11.605042 0.000000 0.000000 0.000000 1.000000
0.997733 -0.065298 -0.016280 5.070677 0.057202 0.950310 -0.306003 79.935646 0.035453 0.304378 0.951891 11.810421 0.000000 0.000000 0.000000 1.000000
0.997966 -0.057763 -0.026970 5.824219 0.046537 0.949249 -0.311064 78.875008 0.043569 0.309177 0.950006 11.902901 0.000000 0.000000 0.000000 1.000000
0.998293 -0.047343 -0.034192 6.365770 0.033702 0.945200 -0.324748 78.062332 0.047693 0.323042 0.945182 11.730186 0.000000 0.000000 0.000000 1.000000
0.998494 -0.036325 -0.041116 7.086694 0.019174 0.933208 -0.358826 77.031509 0.051405 0.357497 0.932499 11.033005 0.000000 0.000000 0.000000 1.000000
0.996802 -0.061227 -0.051356 7.806306 0.035778 0.916560 -0.398293 76.661507 0.071457 0.395181 0.915820 10.684635 0.000000 0.000000 0.000000 1.000000
0.995190 -0.082482 -0.052852 8.028680 0.052597 0.905043 -0.422055 76.605194 0.082645 0.417245 0.905028 10.496964 0.000000 0.000000 0.000000 1.000000
0.994213 -0.095427 -0.049341 8.077009 0.063817 0.894095 -0.443308 76.518677 0.086419 0.437593 0.895011 10.152566 0.000000 0.000000 0.000000 1.000000
0.993378 -0.105057 -0.046511 8.144615 0.071463 0.881968 -0.465860 76.636017 0.089963 0.459451 0.883635 9.811619 0.000000 0.000000 0.000000 1.000000
0.992299 -0.115005 -0.046001 8.307680 0.077699 0.867172 -0.491911 77.061104 0.096463 0.484549 0.869429 9.537924 0.000000 0.000000 0.000000 1.000000
0.991391 -0.123763 -0.042746 8.460521 0.083924 0.851203 -0.518083 77.466324 0.100505 0.510035 0.854262 9.242111 0.000000 0.000000 0.000000 1.000000
0.990938 -0.130395 -0.032235 8.473288 0.092798 0.838111 -0.537549 77.447205 0.097110 0.529686 0.842616 8.931086 0.000000 0.000000 0.000000 1.000000
0.990696 -0.134912 -0.017893 8.344207 0.103394 0.831616 -0.545641 77.007912 0.088494 0.538715 0.837828 8.717075 0.000000 0.000000 0.000000 1.000000
0.990558 -0.136807 -0.008906 8.159721 0.109855 0.830915 -0.545446 76.535255 0.082021 0.539318 0.838098 8.653376 0.000000 0.000000 0.000000 1.000000
0.990763 -0.135262 -0.009605 7.981915 0.108304 0.831947 -0.544183 76.357040 0.081598 0.538116 0.838912 8.700921 0.000000 0.000000 0.000000 1.000000
0.991350 -0.130717 -0.011730 7.810301 0.103265 0.832060 -0.544989 76.476364 0.080999 0.539063 0.838361 8.786249 0.000000 0.000000 0.000000 1.000000
0.992015 -0.126041 -0.004496 7.614578 0.103014 0.830317 -0.547688 76.684242 0.072764 0.542851 0.836671 8.838158 0.000000 0.000000 0.000000 1.000000
0.992246 -0.123879 0.010085 7.404715 0.108887 0.827298 -0.551110 76.774147 0.059928 0.547935 0.834372 8.853367 0.000000 0.000000 0.000000 1.000000
0.992114 -0.123317 0.022415 7.235703 0.115124 0.825866 -0.551989 76.596786 0.049557 0.550217 0.833550 8.892593 0.000000 0.000000 0.000000 1.000000
0.992058 -0.122420 0.028865 7.135398 0.118159 0.828436 -0.547477 76.067886 0.043109 0.546540 0.836322 8.975706 0.000000 0.000000 0.000000 1.000000
0.992005 -0.121736 0.033266 7.081448 0.120412 0.834137 -0.538252 75.249939 0.037776 0.537955 0.842127 9.056028 0.000000 0.000000 0.000000 1.000000
0.991645 -0.122785 0.039546 7.047050 0.125076 0.840194 -0.527664 74.367401 0.031563 0.528202 0.848532 9.099060 0.000000 0.000000 0.000000 1.000000
0.990925 -0.125468 0.048229 7.025481 0.132171 0.844159 -0.519545 73.642555 0.024473 0.521204 0.853081 9.085829 0.000000 0.000000 0.000000 1.000000
0.989956 -0.128607 0.058711 7.018942 0.140381 0.845067 -0.515902 73.151360 0.016734 0.518962 0.854633 8.974957 0.000000 0.000000 0.000000 1.000000
0.988846 -0.131614 0.069726 7.027969 0.148668 0.843779 -0.515689 72.899048 0.009038 0.520303 0.853934 8.752952 0.000000 0.000000 0.000000 1.000000
0.987684 -0.134770 0.079476 7.053360 0.156436 0.841848 -0.516546 72.896980 0.002708 0.522618 0.852563 8.471888 0.000000 0.000000 0.000000 1.000000
0.986435 -0.138316 0.088400 7.100913 0.164126 0.840662 -0.516092 73.096207 -0.002930 0.523600 0.851959 8.195862 0.000000 0.000000 0.000000 1.000000
0.985194 -0.141511 0.096785 7.157911 0.171203 0.841919 -0.511725 73.429634 -0.009071 0.520718 0.853681 7.948335 0.000000 0.000000 0.000000 1.000000
0.984300 -0.143782 0.102377 7.176778 0.175911 0.846677 -0.502188 73.906433 -0.014474 0.512313 0.858677 7.707227 0.000000 0.000000 0.000000 1.000000
0.983724 -0.145280 0.105738 7.118361 0.178667 0.853425 -0.489637 74.525146 -0.019105 0.500559 0.865491 7.417942 0.000000 0.000000 0.000000 1.000000
0.983396 -0.144855 0.109316 6.978997 0.179734 0.860657 -0.476409 75.213104 -0.025073 0.488146 0.872402 7.041678 0.000000 0.000000 0.000000 1.000000
0.983945 -0.139945 0.110761 6.754444 0.175605 0.869950 -0.460814 75.941612 -0.031868 0.472866 0.880558 6.610650 0.000000 0.000000 0.000000 1.000000
0.985952 -0.128921 0.106194 6.421980 0.162846 0.883324 -0.439567 76.772102 -0.037134 0.450685 0.891910 6.226871 0.000000 0.000000 0.000000 1.000000
0.989116 -0.113869 0.093186 5.968115 0.142357 0.900733 -0.410382 77.810425 -0.037206 0.419181 0.907140 6.009254 0.000000 0.000000 0.000000 1.000000
0.992683 -0.098289 0.070143 5.432051 0.117519 0.919895 -0.374143 79.085922 -0.027751 0.379648 0.924715 5.948409 0.000000 0.000000 0.000000 1.000000
0.995637 -0.083214 0.042225 4.908769 0.092591 0.937232 -0.336189 80.419716 -0.011599 0.338632 0.940847 5.867152 0.000000 0.000000 0.000000 1.000000
0.997325 -0.071211 0.016488 4.458432 0.072891 0.952036 -0.297177 81.588974 0.005465 0.297583 0.954680 5.690339 0.000000 0.000000 0.000000 1.000000
0.997922 -0.063936 -0.008043 4.020007 0.059865 0.966019 -0.251442 82.477028 0.023846 0.250438 0.967839 5.470606 0.000000 0.000000 0.000000 1.000000
0.997908 -0.056066 -0.032178 3.497980 0.048510 0.978490 -0.200507 82.974251 0.042728 0.198527 0.979164 5.098033 0.000000 0.000000 0.000000 1.000000
0.997655 -0.043579 -0.052770 2.895313 0.035242 0.988099 -0.149725 83.090881 0.058667 0.147514 0.987319 4.494033 0.000000 0.000000 0.000000 1.000000
0.997032 -0.029117 -0.071277 2.270252 0.022008 0.994887 -0.098570 83.078064 0.073782 0.096709 0.992574 3.838423 0.000000 0.000000 0.000000 1.000000
0.995951 -0.014952 -0.088649 1.670144 0.010600 0.998725 -0.049357 83.176514 0.089274 0.048217 0.994839 3.246295 0.000000 0.000000 0.000000 1.000000
0.994785 -0.002112 -0.101970 1.141984 0.001005 0.999940 -0.010901 83.455521 0.101987 0.010741 0.994728 2.674042 0.000000 0.000000 0.000000 1.000000
0.993679 0.008331 -0.111950 0.709076 -0.007093 0.999909 0.011448 83.912621 0.112035 -0.010582 0.993648 2.159860 0.000000 0.000000 0.000000 1.000000
0.992672 0.016335 -0.119731 0.365512 -0.013889 0.999678 0.021237 84.537575 0.120039 -0.019418 0.992579 1.796445 0.000000 0.000000 0.000000 1.000000
0.991998 0.021266 -0.124447 0.084553 -0.018259 0.999514 0.025253 85.310623 0.124923 -0.022778 0.991905 1.544828 0.000000 0.000000 0.000000 1.000000
0.991540 0.024217 -0.127525 -0.156506 -0.020987 0.999425 0.026614 86.156807 0.128096 -0.023713 0.991478 1.323167 0.000000 0.000000 0.000000 1.000000
0.991172 0.027256 -0.129748 -0.362592 -0.024071 0.999371 0.026050 86.966263 0.130376 -0.022697 0.991205 1.124941 0.000000 0.000000 0.000000 1.000000
0.991204 0.029676 -0.128969 -0.527397 -0.026569 0.999315 0.025747 87.632599 0.129645 -0.022094 0.991314 0.964356 0.000000 0.000000 0.000000 1.000000
0.991831 0.031099 -0.123707 -0.643788 -0.027810 0.999215 0.028225 88.062012 0.124488 -0.024554 0.991917 0.847620 0.000000 0.000000 0.000000 1.000000
0.992792 0.033963 -0.114935 -0.689358 -0.030262 0.998970 0.033799 88.185524 0.115965 -0.030077 0.992798 0.787957 0.000000 0.000000 0.000000 1.000000
0.993754 0.039360 -0.104426 -0.642758 -0.035259 0.998543 0.040838 87.996941 0.105881 -0.036901 0.993694 0.775091 0.000000 0.000000 0.000000 1.000000
0.994676 0.044761 -0.092827 -0.539838 -0.040428 0.998027 0.048041 87.541016 0.094794 -0.044032 0.994523 0.803323 0.000000 0.000000 0.000000 1.000000
0.995551 0.048212 -0.080957 -0.409057 -0.043837 0.997525 0.054970 86.787529 0.083407 -0.051176 0.995201 0.939852 0.000000 0.000000 0.000000 1.000000
0.996307 0.049515 -0.070149 -0.254398 -0.045291 0.997135 0.060581 85.760078 0.072947 -0.057180 0.995695 1.204605 0.000000 0.000000 0.000000 1.000000
0.996952 0.049111 -0.060628 -0.057420 -0.045190 0.996899 0.064427 84.567085 0.063604 -0.061491 0.996079 1.509309 0.000000 0.000000 0.000000 1.000000
0.997382 0.047703 -0.054343 0.141890 -0.043933 0.996678 0.068583 83.355576 0.057434 -0.066016 0.996164 1.818291 0.000000 0.000000 0.000000 1.000000
0.997281 0.048269 -0.055676 0.304250 -0.044099 0.996294 0.073849 82.240128 0.059035 -0.071193 0.995714 2.162519 0.000000 0.000000 0.000000 1.000000
0.996632 0.051731 -0.063626 0.431045 -0.046751 0.995903 0.077410 81.391037 0.067370 -0.074175 0.994967 2.499085 0.000000 0.000000 0.000000 1.000000
0.996089 0.054557 -0.069505 0.528471 -0.049120 0.995769 0.077665 81.003296 0.073448 -0.073947 0.994554 2.758509 0.000000 0.000000 0.000000 1.000000
0.996269 0.054241 -0.067125 0.590856 -0.049174 0.995973 0.074964 81.037926 0.070921 -0.071383 0.994924 2.922466 0.000000 0.000000 0.000000 1.000000
0.996932 0.051249 -0.059162 0.612343 -0.047137 0.996508 0.068923 81.219421 0.062488 -0.065923 0.995866 2.984624 0.000000 0.000000 0.000000 1.000000
0.997637 0.045965 -0.051057 0.590191 -0.042888 0.997289 0.059800 81.460503 0.053667 -0.057469 0.996904 2.937590 0.000000 0.000000 0.000000 1.000000
0.997955 0.042954 -0.047340 0.537641 -0.040339 0.997677 0.054886 81.741707 0.049587 -0.052864 0.997370 2.787801 0.000000 0.000000 0.000000 1.000000
0.998257 0.039616 -0.043745 0.463239 -0.037434 0.998066 0.049626 82.058197 0.045626 -0.047902 0.997809 2.550022 0.000000 0.000000 0.000000 1.000000
0.998550 0.036078 -0.039951 0.374138 -0.034312 0.998441 0.044035 82.391525 0.041478 -0.042601 0.998231 2.233845 0.000000 0.000000 0.000000 1.000000
0.998833 0.032474 -0.035750 0.270426 -0.031104 0.998784 0.038241 82.714523 0.036948 -0.037084 0.998629 1.845836 0.000000 0.000000 0.000000 1.000000
0.999099 0.028898 -0.031085 0.163411 -0.027888 0.999085 0.032435 82.906296 0.031994 -0.031539 0.998990 1.443980 0.000000 0.000000 0.000000 1.000000
0.999336 0.025446 -0.026085 0.071522 -0.024745 0.999333 0.026859 83.020416 0.026751 -0.026196 0.999299 1.101237 0.000000 0.000000 0.000000 1.000000
0.999531 0.022272 -0.021022 0.023831 -0.021815 0.999526 0.021733 83.079956 0.021496 -0.021264 0.999543 0.934811 0.000000 0.000000 0.000000 1.000000
0.999676 0.019595 -0.016229 0.014421 -0.019315 0.999665 0.017216 83.093491 0.016561 -0.016897 0.999720 0.921445 0.000000 0.000000 0.000000 1.000000
0.999773 0.017619 -0.011987 0.006886 -0.017458 0.999758 0.013378 83.076950 0.012220 -0.013166 0.999839 0.909439 0.000000 0.000000 0.000000 1.000000
0.999826 0.016534 -0.008621 0.001579 -0.016444 0.999811 0.010401 83.058685 0.008791 -0.010258 0.999909 0.898236 0.000000 0.000000 0.000000 1.000000
0.999847 0.016285 -0.006330 -0.001743 -0.016232 0.999832 0.008462 83.043129 0.006467 -0.008358 0.999944 0.887762 0.000000 0.000000 0.000000 1.000000
0.999853 0.016426 -0.004828 -0.004102 -0.016390 0.999839 0.007313 83.029915 0.004947 -0.007233 0.999962 0.878165 0.000000 0.000000 0.000000 1.000000
0.999853 0.016760 -0.003730 -0.005753 -0.016735 0.999838 0.006555 83.018570 0.003839 -0.006492 0.999972 0.869627 0.000000 0.000000 0.000000 1.000000
0.999849 0.017154 -0.002777 -0.006853 -0.017137 0.999836 0.005928 83.008873 0.002878 -0.005880 0.999979 0.862271 0.000000 0.000000 0.000000 1.000000
0.999843 0.017604 -0.002006 -0.007408 -0.017593 0.999830 0.005461 83.000816 0.002102 -0.005424 0.999983 0.856141 0.000000 0.000000 0.000000 1.000000
0.999836 0.018042 -0.001325 -0.007558 -0.018035 0.999824 0.005074 82.994354 0.001416 -0.005049 0.999986 0.851317 0.000000 0.000000 0.000000 1.000000
0.999828 0.018542 -0.000678 -0.007050 -0.018538 0.999817 0.004728 82.989494 0.000765 -0.004715 0.999989 0.847841 0.000000 0.000000 0.000000 1.000000
0.999820 0.018968 -0.000186 -0.006321 -0.018967 0.999810 0.004476 82.986488 0.000271 -0.004472 0.999990 0.845733 0.000000 0.000000 0.000000 1.000000
0.999817 0.019147 0.000009 -0.005972 -0.019147 0.999807 0.004404 82.985352 0.000075 -0.004403 0.999990 0.845227 0.000000 0.000000 0.000000 1.000000</float_array><technique_common><accessor source="#Hips-Matrix-animation-output-transform-array" count="141" stride="16"><param type="float4x4"/></accessor></technique_common></source><source id="Hips-Interpolations"><Name_array id="Hips-Interpolations-array" count="141">
 LINEAR LINEAR LINEAR LINEAR LINEAR LINEAR LINEAR LINEAR LINEAR LINEAR LINEAR
LINEAR LINEAR LINEAR LINEAR LINEAR LINEAR LINEAR LINEAR LINEAR LINEAR LINEAR LINEAR
LINEAR LINEAR LINEAR LINEAR LINEAR LINEAR LINEAR LINEAR LINEAR LINEAR LINEAR LINEAR
LINEAR LINEAR LINEAR LINEAR LINEAR LINEAR LINEAR LINEAR LINEAR LINEAR LINEAR LINEAR
LINEAR LINEAR LINEAR LINEAR LINEAR LINEAR LINEAR LINEAR LINEAR LINEAR LINEAR LINEAR
LINEAR LINEAR LINEAR LINEAR LINEAR LINEAR LINEAR LINEAR LINEAR LINEAR LINEAR LINEAR
LINEAR LINEAR LINEAR LINEAR LINEAR LINEAR LINEAR LINEAR LINEAR LINEAR LINEAR LINEAR
LINEAR LINEAR LINEAR LINEAR LINEAR LINEAR LINEAR LINEAR LINEAR LINEAR LINEAR LINEAR
LINEAR LINEAR LINEAR LINEAR LINEAR LINEAR LINEAR LINEAR LINEAR LINEAR LINEAR LINEAR
LINEAR LINEAR LINEAR LINEAR LINEAR LINEAR LINEAR LINEAR LINEAR LINEAR LINEAR LINEAR
LINEAR LINEAR LINEAR LINEAR LINEAR LINEAR LINEAR LINEAR LINEAR LINEAR LINEAR LINEAR
LINEAR LINEAR LINEAR LINEAR LINEAR LINEAR LINEAR LINEAR LINEAR LINEAR</Name_array><technique_common><accessor source="#Hips-Interpolations-array" count="141"><param type="name"/></accessor></technique_common></source><sampler id="Hips-Matrix-animation-transform"><input semantic="INPUT" source="#Hips-Matrix-animation-input"/><input semantic="OUTPUT" source="#Hips-Matrix-animation-output-transform"/><input semantic="INTERPOLATION" source="#Hips-Interpolations"/></sampler><channel source="#Hips-Matrix-animation-transform" target="Hips/matrix"/></animation>
    <animation id="Spine-anim" name="Spine"><source id="Spine-Matrix-animation-input"><float_array id="Spine-Matrix-animation-input-array" count="141">

0.000000 0.033333 0.066667 0.100000 0.133333 0.166667 0.200000 0.233333 0.266667 0.300000 0.333333 0.366667 0.400000 0.433333 0.466667 0.500000
0.533333 0.566667 0.600000 0.633333 0.666667 0.700000 0.733333 0.766667 0.800000 0.833333 0.866667 0.900000 0.933333 0.966667 1.000000 1.033333
1.066667 1.100000 1.133333 1.166667 1.200000 1.233333 1.266667 1.300000 1.333333 1.366667 1.400000 1.433333 1.466667 1.500000 1.533333 1.566667
1.600000 1.633333 1.666667 1.700000 1.733333 1.766667 1.800000 1.833333 1.866667 1.900000 1.933333 1.966667 2.000000 2.033333 2.066667 2.100000
2.133333 2.166667 2.200000 2.233333 2.266667 2.300000 2.333333 2.366667 2.400000 2.433333 2.466667 2.500000 2.533333 2.566667 2.600000 2.633333
2.666667 2.700000 2.733333 2.766667 2.800000 2.833333 2.866667 2.900000 2.933333 2.966667 3.000000 3.033333 3.066667 3.100000 3.133333 3.166667
3.200000 3.233333 3.266667 3.300000 3.333333 3.366667 3.400000 3.433333 3.466667 3.500000 3.533333 3.566667 3.600000 3.633333 3.666667 3.700000
3.733333 3.766667 3.800000 3.833333 3.866667 3.900000 3.933333 3.966667 4.000000 4.033333 4.066667 4.100000 4.133333 4.166667 4.200000 4.233333
4.266667 4.300000 4.333333 4.366667 4.400000 4.433333 4.466667 4.500000 4.533333 4.566667 4.600000 4.633333 4.666667</float_array><technique_common><accessor source="#Spine-Matrix-animation-input-array" count="141"><param name="TIME" type="float"/></accessor></technique_common></source><source id="Spine-Matrix-animation-output-transform"><float_array id="Spine-Matrix-animation-output-transform-array" count="2256">

0.999968 -0.006536 0.004552 0.000000 0.007564 0.958359 -0.285466 13.663900 -0.002497 0.285492 0.958378 -1.184000 0.000000 0.000000 0.000000 1.000000
0.999968 -0.006550 0.004560 0.000000 0.007579 0.958359 -0.285466 13.663900 -0.002500 0.285492 0.958378 -1.184000 0.000000 0.000000 0.000000 1.000000
0.999968 -0.006565 0.004567 0.000000 0.007596 0.958359 -0.285466 13.663900 -0.002503 0.285492 0.958378 -1.184000 0.000000 0.000000 0.000000 1.000000
0.999968 -0.006578 0.004574 0.000000 0.007610 0.958359 -0.285466 13.663900 -0.002506 0.285492 0.958378 -1.184000 0.000000 0.000000 0.000000 1.000000
0.999969 -0.006479 0.004546 0.000000 0.007507 0.958359 -0.285467 13.663900 -0.002507 0.285492 0.958378 -1.184000 0.000000 0.000000 0.000000 1.000000
0.999969 -0.006357 0.004544 -0.000000 0.007390 0.958360 -0.285467 13.663900 -0.002540 0.285492 0.958378 -1.184000 0.000000 0.000000 0.000000 1.000000
0.999970 -0.006209 0.004529 0.000000 0.007244 0.958361 -0.285467 13.663900 -0.002568 0.285491 0.958378 -1.184000 0.000000 0.000000 0.000000 1.000000
0.999972 -0.006012 0.004515 0.000000 0.007051 0.958362 -0.285468 13.663900 -0.002611 0.285491 0.958378 -1.184000 0.000000 0.000000 0.000000 1.000000
0.999974 -0.005619 0.004481 -0.000000 0.006663 0.958480 -0.285081 13.663900 -0.002693 0.285103 0.958493 -1.184000 0.000000 0.000000 0.000000 1.000000
0.999979 -0.004729 0.004437 0.000000 0.005794 0.958831 -0.283917 13.663900 -0.002912 0.283937 0.958838 -1.184000 0.000000 0.000000 0.000000 1.000000
0.999984 -0.003266 0.004543 -0.000000 0.004415 0.959421 -0.281944 13.663900 -0.003437 0.281960 0.959420 -1.184000 0.000000 0.000000 0.000000 1.000000
0.999985 -0.001571 0.005194 0.000000 0.002960 0.960147 -0.279479 13.663900 -0.004548 0.279491 0.960138 -1.184000 0.000000 0.000000 0.000000 1.000000
0.999981 -0.000044 0.006158 0.000000 0.001748 0.960895 -0.276906 13.663900 -0.005905 0.276911 0.960877 -1.184000 0.000000 0.000000 0.000000 1.000000
0.999976 0.001124 0.006840 0.000000 0.000797 0.961557 -0.274606 13.663900 -0.006886 0.274605 0.961533 -1.184000 0.000000 0.000000 0.000000 1.000000
0.999974 0.001839 0.006987 -0.000000 0.000140 0.961942 -0.273254 13.663900 -0.007223 0.273248 0.961916 -1.184000 0.000000 0.000000 0.000000 1.000000
0.999974 0.002001 0.006890 0.000000 -0.000042 0.961946 -0.273241 13.663900 -0.007175 0.273234 0.961921 -1.184000 0.000000 0.000000 0.000000 1.000000
0.999975 0.001713 0.006873 0.000000 0.000239 0.961610 -0.274421 13.663900 -0.007079 0.274416 0.961585 -1.184000 0.000000 0.000000 0.000000 1.000000
0.999974 0.001231 0.007129 0.000000 0.000791 0.960929 -0.276792 13.663900 -0.007191 0.276791 0.960903 -1.184000 0.000000 0.000000 0.000000 1.000000
0.999970 0.000968 0.007625 0.000000 0.001208 0.959893 -0.280364 13.663900 -0.007591 0.280365 0.959863 -1.184000 0.000000 0.000000 0.000000 1.000000
0.999967 0.000915 0.008070 0.000000 0.001420 0.958620 -0.284686 13.663900 -0.007997 0.284688 0.958587 -1.184000 0.000000 0.000000 0.000000 1.000000
0.999965 0.000788 0.008280 0.000000 0.001638 0.957334 -0.288980 13.663900 -0.008154 0.288984 0.957299 -1.184000 0.000000 0.000000 0.000000 1.000000
0.999965 0.000597 0.008377 -0.000000 0.001882 0.956170 -0.292806 13.663900 -0.008185 0.292811 0.956135 -1.184000 0.000000 0.000000 0.000000 1.000000
0.999964 0.000382 0.008429 0.000000 0.002132 0.955122 -0.296205 13.663900 -0.008164 0.296213 0.955087 -1.184000 0.000000 0.000000 0.000000 1.000000
0.999964 0.000235 0.008442 0.000000 0.002301 0.954204 -0.299147 13.663900 -0.008126 0.299155 0.954170 -1.184000 0.000000 0.000000 0.000000 1.000000
0.999965 0.000273 0.008417 -0.000000 0.002275 0.953557 -0.301203 13.663900 -0.008108 0.301212 0.953523 -1.184000 0.000000 0.000000 0.000000 1.000000
0.999965 0.000488 0.008344 0.000000 0.002054 0.953335 -0.301908 13.663900 -0.008102 0.301915 0.953300 -1.184000 0.000000 0.000000 0.000000 1.000000
0.999965 0.000713 0.008297 0.000000 0.001818 0.953599 -0.301073 13.663900 -0.008127 0.301078 0.953565 -1.184000 0.000000 0.000000 0.000000 1.000000
0.999964 0.000693 0.008471 -0.000000 0.001871 0.954269 -0.298944 13.663900 -0.008291 0.298949 0.954233 -1.184000 0.000000 0.000000 0.000000 1.000000
0.999960 0.000333 0.008899 -0.000000 0.002314 0.955260 -0.295759 13.663900 -0.008600 0.295768 0.955221 -1.184000 0.000000 0.000000 0.000000 1.000000
0.999956 0.000003 0.009349 -0.000000 0.002726 0.956449 -0.291887 13.663900 -0.008943 0.291899 0.956407 -1.184000 0.000000 0.000000 0.000000 1.000000
0.999955 0.000111 0.009442 0.000000 0.002612 0.957688 -0.287798 13.663900 -0.009075 0.287809 0.957645 -1.184000 0.000000 0.000000 0.000000 1.000000
0.999957 0.000523 0.009312 -0.000000 0.002141 0.958916 -0.283683 13.663900 -0.009078 0.283691 0.958873 -1.184000 0.000000 0.000000 0.000000 1.000000
0.999957 0.000772 0.009204 0.000000 0.001830 0.960164 -0.279430 13.663900 -0.009053 0.279434 0.960122 -1.184000 0.000000 0.000000 0.000000 1.000000
0.999958 0.000852 0.009142 0.000000 0.001695 0.961428 -0.275053 13.663900 -0.009024 0.275057 0.961386 -1.184000 0.000000 0.000000 0.000000 1.000000
0.999958 0.001104 0.009067 0.000000 0.001401 0.962358 -0.271782 13.663900 -0.009026 0.271783 0.962316 -1.184000 0.000000 0.000000 0.000000 1.000000
0.999956 0.001697 0.009254 0.000000 0.000908 0.961599 -0.274456 13.663900 -0.009364 0.274452 0.961555 -1.184000 0.000000 0.000000 0.000000 1.000000
0.999951 0.002223 0.009692 0.000000 0.000602 0.959365 -0.282169 13.663900 -0.009925 0.282161 0.959316 -1.184000 0.000000 0.000000 0.000000 1.000000
0.999950 0.002271 0.009726 0.000000 0.000679 0.956088 -0.293078 13.663900 -0.009964 0.293070 0.956039 -1.184000 0.000000 0.000000 0.000000 1.000000
0.999960 0.001668 0.008837 0.000000 0.001109 0.952284 -0.305211 13.663900 -0.008924 0.305208 0.952244 -1.184000 0.000000 0.000000 0.000000 1.000000
0.999973 0.000321 0.007339 0.000000 0.002016 0.948688 -0.316206 13.663900 -0.007064 0.316212 0.948662 -1.184000 0.000000 0.000000 0.000000 1.000000
0.999982 -0.001644 0.005826 0.000000 0.003441 0.946191 -0.323591 13.663900 -0.004981 0.323606 0.946179 -1.184000 0.000000 0.000000 0.000000 1.000000
0.999986 -0.003461 0.004066 0.000000 0.004596 0.945554 -0.325432 13.663900 -0.002719 0.325446 0.945557 -1.184000 0.000000 0.000000 0.000000 1.000000
0.999990 -0.004052 0.001831 0.000000 0.004425 0.947256 -0.320447 13.663900 -0.000436 0.320451 0.947265 -1.184000 0.000000 0.000000 0.000000 1.000000
0.999996 -0.002897 0.000182 0.000000 0.002811 0.950737 -0.309985 13.663900 0.000725 0.309984 0.950741 -1.184000 0.000000 0.000000 0.000000 1.000000
0.999999 -0.001146 0.000732 0.000000 0.001310 0.955768 -0.294119 13.663900 -0.000362 0.294119 0.955769 -1.184000 0.000000 0.000000 0.000000 1.000000
0.999996 0.000045 0.002849 0.000000 0.000736 0.961840 -0.273611 13.663900 -0.002752 0.273612 0.961836 -1.184000 0.000000 0.000000 0.000000 1.000000
0.999989 0.000819 0.004648 0.000000 0.000370 0.968169 -0.250297 13.663900 -0.004705 0.250296 0.968158 -1.184000 0.000000 0.000000 0.000000 1.000000
0.999983 0.001527 0.005604 0.000000 -0.000222 0.974160 -0.225861 13.663900 -0.005804 0.225856 0.974143 -1.184000 0.000000 0.000000 0.000000 1.000000
0.999977 0.002486 0.006290 0.000000 -0.001172 0.979619 -0.200859 13.663900 -0.006661 0.200847 0.979600 -1.184000 0.000000 0.000000 0.000000 1.000000
0.999968 0.003687 0.007169 0.000000 -0.002403 0.985162 -0.171611 13.663900 -0.007695 0.171588 0.985139 -1.184000 0.000000 0.000000 0.000000 1.000000
0.999954 0.004718 0.008293 -0.000000 -0.003492 0.989839 -0.142149 13.663900 -0.008879 0.142114 0.989810 -1.184000 0.000000 0.000000 0.000000 1.000000
0.999916 0.007528 0.010587 0.000000 -0.006263 0.993364 -0.114838 13.663900 -0.011381 0.114762 0.993328 -1.184000 0.000000 0.000000 0.000000 1.000000
0.999815 0.013741 0.013494 0.000000 -0.012453 0.995746 -0.091292 13.663900 -0.014691 0.091107 0.995733 -1.184000 0.000000 0.000000 0.000000 1.000000
0.999667 0.021034 0.014931 0.000000 -0.019913 0.997235 -0.071597 13.663900 -0.016396 0.071276 0.997322 -1.184000 0.000000 0.000000 0.000000 1.000000
0.999578 0.025268 0.014302 -0.000000 -0.024423 0.998108 -0.056428 13.663900 -0.015700 0.056055 0.998304 -1.184000 0.000000 0.000000 0.000000 1.000000
0.999578 0.026201 0.012556 -0.000000 -0.025591 0.998590 -0.046502 13.663900 -0.013757 0.046161 0.998839 -1.184000 0.000000 0.000000 0.000000 1.000000
0.999587 0.026679 0.010645 -0.000000 -0.026208 0.998768 -0.042141 13.663900 -0.011756 0.041845 0.999055 -1.184000 0.000000 0.000000 0.000000 1.000000
0.999559 0.028229 0.009169 0.000000 -0.027802 0.998653 -0.043820 13.663900 -0.010393 0.043546 0.998997 -1.184000 0.000000 0.000000 0.000000 1.000000
0.999496 0.030391 0.009207 0.000000 -0.029862 0.998149 -0.052978 13.663900 -0.010800 0.052677 0.998553 -1.184000 0.000000 0.000000 0.000000 1.000000
0.999374 0.033519 0.011334 0.000000 -0.032633 0.996944 -0.070973 13.663900 -0.013678 0.070558 0.997414 -1.184000 0.000000 0.000000 0.000000 1.000000
0.999191 0.037372 0.014832 0.000000 -0.035859 0.995139 -0.091723 13.663900 -0.018188 0.091117 0.995674 -1.184000 0.000000 0.000000 0.000000 1.000000
0.999031 0.040483 0.017287 -0.000000 -0.038432 0.993634 -0.105895 13.663900 -0.021464 0.105128 0.994227 -1.184000 0.000000 0.000000 0.000000 1.000000
0.999029 0.041210 0.015574 0.000000 -0.039180 0.992749 -0.113641 13.663900 -0.020144 0.112921 0.993400 -1.184000 0.000000 0.000000 0.000000 1.000000
0.999188 0.039541 0.007688 0.000000 -0.038275 0.991450 -0.124749 13.663900 -0.012555 0.124354 0.992159 -1.184000 0.000000 0.000000 0.000000 1.000000
0.999046 0.042796 0.008714 0.000000 -0.041305 0.990678 -0.129810 13.663900 -0.014188 0.129326 0.991501 -1.184000 0.000000 0.000000 0.000000 1.000000
0.998818 0.046943 0.012569 -0.000000 -0.044920 0.990521 -0.129812 13.663900 -0.018543 0.129094 0.991459 -1.184000 0.000000 0.000000 0.000000 1.000000
0.998649 0.050171 0.013529 0.000000 -0.047971 0.990206 -0.131115 13.663900 -0.019975 0.130289 0.991275 -1.184000 0.000000 0.000000 0.000000 1.000000
0.998579 0.051900 0.012077 -0.000000 -0.049839 0.989864 -0.132987 13.663900 -0.018857 0.132196 0.991044 -1.184000 0.000000 0.000000 0.000000 1.000000
0.998592 0.051960 0.010709 0.000000 -0.050073 0.989807 -0.133323 13.663900 -0.017527 0.132599 0.991015 -1.184000 0.000000 0.000000 0.000000 1.000000
0.998641 0.051121 0.010139 0.000000 -0.049329 0.989936 -0.132641 13.663900 -0.016817 0.131961 0.991112 -1.184000 0.000000 0.000000 0.000000 1.000000
0.998648 0.051012 0.009964 -0.000000 -0.049241 0.989917 -0.132814 13.663900 -0.016638 0.132144 0.991091 -1.184000 0.000000 0.000000 0.000000 1.000000
0.998630 0.051336 0.010105 0.000000 -0.049522 0.989735 -0.134060 13.663900 -0.016883 0.133376 0.990922 -1.184000 0.000000 0.000000 0.000000 1.000000
0.998671 0.050518 0.010247 0.000000 -0.048650 0.989438 -0.136546 13.663900 -0.017036 0.135866 0.990581 -1.184000 0.000000 0.000000 0.000000 1.000000
0.998727 0.049568 0.009359 -0.000000 -0.047758 0.988864 -0.140948 13.663900 -0.016242 0.140322 0.989973 -1.184000 0.000000 0.000000 0.000000 1.000000
0.998713 0.050134 0.007712 -0.000000 -0.048485 0.988205 -0.145261 13.663900 -0.014904 0.144700 0.989363 -1.184000 0.000000 0.000000 0.000000 1.000000
0.998676 0.051011 0.006696 0.000000 -0.049474 0.987884 -0.147099 13.663900 -0.014119 0.146573 0.989099 -1.184000 0.000000 0.000000 0.000000 1.000000
0.998702 0.050557 0.006144 0.000000 -0.049097 0.987813 -0.147700 13.663900 -0.013536 0.147207 0.989013 -1.184000 0.000000 0.000000 0.000000 1.000000
0.998770 0.049291 0.005373 0.000000 -0.047938 0.987630 -0.149292 13.663900 -0.012665 0.148851 0.988779 -1.184000 0.000000 0.000000 0.000000 1.000000
0.998815 0.048411 0.004963 0.000000 -0.047093 0.987230 -0.152179 13.663900 -0.012267 0.151765 0.988340 -1.184000 0.000000 0.000000 0.000000 1.000000
0.998840 0.047841 0.005504 0.000000 -0.046402 0.986705 -0.155756 13.663900 -0.012882 0.155320 0.987780 -1.184000 0.000000 0.000000 0.000000 1.000000
0.998882 0.046803 0.006670 0.000000 -0.045137 0.986110 -0.159844 13.663900 -0.014058 0.159364 0.987120 -1.184000 0.000000 0.000000 0.000000 1.000000
0.998935 0.045524 0.007502 0.000000 -0.043674 0.985437 -0.164334 13.663900 -0.014873 0.163831 0.986376 -1.184000 0.000000 0.000000 0.000000 1.000000
0.998970 0.044830 0.007044 0.000000 -0.043003 0.984738 -0.168649 13.663900 -0.014498 0.168172 0.985651 -1.184000 0.000000 0.000000 0.000000 1.000000
0.998995 0.044488 0.005453 0.000000 -0.042879 0.984042 -0.172690 13.663900 -0.013049 0.172282 0.984961 -1.184000 0.000000 0.000000 0.000000 1.000000
0.999034 0.043749 0.004030 0.000000 -0.042348 0.983325 -0.176855 13.663900 -0.011700 0.176513 0.984229 -1.184000 0.000000 0.000000 0.000000 1.000000
0.999088 0.042572 0.003281 0.000000 -0.041278 0.982658 -0.180777 13.663900 -0.010920 0.180477 0.983519 -1.184000 0.000000 0.000000 0.000000 1.000000
0.999143 0.041337 0.002317 0.000000 -0.040202 0.982054 -0.184264 13.663900 -0.009893 0.184013 0.982874 -1.184000 0.000000 0.000000 0.000000 1.000000
0.999180 0.040468 0.001357 0.000000 -0.039487 0.981271 -0.188543 13.663900 -0.008962 0.188335 0.982064 -1.184000 0.000000 0.000000 0.000000 1.000000
0.999189 0.040224 0.001623 -0.000000 -0.039150 0.980321 -0.193488 13.663900 -0.009374 0.193267 0.981101 -1.184000 0.000000 0.000000 0.000000 1.000000
0.999201 0.039916 0.001898 -0.000000 -0.038771 0.979853 -0.195920 13.663900 -0.009680 0.195690 0.980618 -1.184000 0.000000 0.000000 0.000000 1.000000
