<?xml version="1.0" encoding="utf-8"?>
<COLLADA xmlns="http://www.collada.org/2005/11/COLLADASchema" version="1.4.1">
  <asset><contributor><author>Mixamo</author><authoring_tool>COLLADA Mixamo exporter</authoring_tool><comments></comments></contributor><created>2019-01-15T19:17:25Z</created><modified>2019-01-15T19:17:25Z</modified><revision></revision><title></title><unit meter="0.010000"/><up_axis>Y_UP</up_axis></asset>
  <library_animations>
    <animation id="Hips-anim" name="Hips"><source id="Hips-Matrix-animation-input"><float_array id="Hips-Matrix-animation-input-array" count="112">

0.000000 0.033333 0.066667 0.100000 0.133333 0.166667 0.200000 0.233333 0.266667 0.300000 0.333333 0.366667 0.400000 0.433333 0.466667 0.500000
0.533333 0.566667 0.600000 0.633333 0.666667 0.700000 0.733333 0.766667 0.800000 0.833333 0.866667 0.900000 0.933333 0.966667 1.000000 1.033333
1.066667 1.100000 1.133333 1.166667 1.200000 1.233333 1.266667 1.300000 1.333333 1.366667 1.400000 1.433333 1.466667 1.500000 1.533333 1.566667
1.600000 1.633333 1.666667 1.700000 1.733333 1.766667 1.800000 1.833333 1.866667 1.900000 1.933333 1.966667 2.000000 2.033333 2.066667 2.100000
2.133333 2.166667 2.200000 2.233333 2.266667 2.300000 2.333333 2.366667 2.400000 2.433333 2.466667 2.500000 2.533333 2.566667 2.600000 2.633333
2.666667 2.700000 2.733333 2.766667 2.800000 2.833333 2.866667 2.900000 2.933333 2.966667 3.000000 3.033333 3.066667 3.100000 3.133333 3.166667
3.200000 3.233333 3.266667 3.300000 3.333333 3.366667 3.400000 3.433333 3.466667 3.500000 3.533333 3.566667 3.600000 3.633333 3.666667 3.700000</float_array><technique_common><accessor source="#Hips-Matrix-animation-input-array" count="112"><param name="TIME" type="float"/></accessor></technique_common></source><source id="Hips-Matrix-animation-output-transform"><float_array id="Hips-Matrix-animation-output-transform-array" count="1792">

0.999732 0.019203 -0.012921 -0.021880 -0.019147 0.999807 0.004404 82.985443 0.013003 -0.004155 0.999907 0.845101 0.000000 0.000000 0.000000 1.000000
0.999733 0.019057 -0.013082 -0.024954 -0.019113 0.999809 -0.004167 83.177437 0.013000 0.004416 0.999906 0.906230 0.000000 0.000000 0.000000 1.000000
0.999736 0.018820 -0.013203 -0.045041 -0.019019 0.999705 -0.015123 83.506088 0.012915 0.015370 0.999798 0.982662 0.000000 0.000000 0.000000 1.000000
0.999737 0.018754 -0.013229 -0.074496 -0.019113 0.999436 -0.027626 83.584763 0.012704 0.027871 0.999531 1.075771 0.000000 0.000000 0.000000 1.000000
0.999739 0.018646 -0.013218 -0.108439 -0.019172 0.998982 -0.040836 83.026810 0.012443 0.041078 0.999078 1.186925 0.000000 0.000000 0.000000 1.000000
0.999742 0.018505 -0.013179 -0.143024 -0.019190 0.998361 -0.053913 81.452042 0.012160 0.054152 0.998459 1.292413 0.000000 0.000000 0.000000 1.000000
0.999747 0.018261 -0.013105 -0.187449 -0.019088 0.997636 -0.066019 78.249290 0.011869 0.066252 0.997732 1.374350 0.000000 0.000000 0.000000 1.000000
0.999753 0.018016 -0.013027 -0.231279 -0.018959 0.996903 -0.076319 73.807442 0.011612 0.076547 0.996998 1.718743 0.000000 0.000000 0.000000 1.000000
0.999758 0.017798 -0.012966 -0.268147 -0.018832 0.996242 -0.084541 69.118042 0.011412 0.084765 0.996336 2.597157 0.000000 0.000000 0.000000 1.000000
0.999763 0.017539 -0.012894 -0.311361 -0.018665 0.995480 -0.093124 64.381493 0.011202 0.093342 0.995571 3.949654 0.000000 0.000000 0.000000 1.000000
0.999769 0.017250 -0.012820 -0.359329 -0.018465 0.994658 -0.101564 59.872826 0.010999 0.101777 0.994746 5.574327 0.000000 0.000000 0.000000 1.000000
0.999775 0.016968 -0.012762 -0.405851 -0.018257 0.993897 -0.108792 55.926441 0.010838 0.109001 0.993983 7.287206 0.000000 0.000000 0.000000 1.000000
0.999778 0.016780 -0.012769 -0.444865 -0.018113 0.993470 -0.112649 52.983971 0.010796 0.112855 0.993553 8.916203 0.000000 0.000000 0.000000 1.000000
0.999777 0.016789 -0.012797 -0.469374 -0.018083 0.993892 -0.108870 51.679939 0.010891 0.109077 0.993974 10.301990 0.000000 0.000000 0.000000 1.000000
0.999774 0.016931 -0.012857 -0.471901 -0.018137 0.994792 -0.100302 51.886002 0.011092 0.100512 0.994874 11.324276 0.000000 0.000000 0.000000 1.000000
0.999790 0.016051 -0.012734 -0.500973 -0.017061 0.996352 -0.083614 54.502697 0.011345 0.083813 0.996417 11.952703 0.000000 0.000000 0.000000 1.000000
0.999416 0.025741 -0.022482 -0.145939 -0.028010 0.993836 -0.107260 73.179688 0.019582 0.107827 0.993977 20.335297 0.000000 0.000000 0.000000 1.000000
0.999356 0.030465 -0.018971 0.087384 -0.032756 0.990268 -0.135262 95.231651 0.014665 0.135797 0.990628 28.775764 0.000000 0.000000 0.000000 1.000000
0.999629 0.024876 0.011112 0.428175 -0.022511 0.983877 -0.177424 116.029121 -0.015347 0.177108 0.984072 36.439308 0.000000 0.000000 0.000000 1.000000
0.999512 -0.013490 0.028174 0.411280 0.018436 0.982855 -0.183455 136.244766 -0.025216 0.183885 0.982624 43.686840 0.000000 0.000000 0.000000 1.000000
0.999508 -0.010424 0.029596 0.980231 0.014639 0.989183 -0.145956 153.979584 -0.027754 0.146317 0.988848 49.590923 0.000000 0.000000 0.000000 1.000000
0.999370 0.000689 0.035475 1.432010 0.003452 0.993179 -0.116545 169.885773 -0.035313 0.116594 0.992552 54.733387 0.000000 0.000000 0.000000 1.000000
0.999042 0.002524 0.043694 1.474482 0.002326 0.993864 -0.110583 185.479721 -0.043705 0.110578 0.992906 59.896076 0.000000 0.000000 0.000000 1.000000
0.998214 0.007128 0.059314 1.585376 -0.001120 0.994916 -0.100704 200.408997 -0.059730 0.100458 0.993147 64.863106 0.000000 0.000000 0.000000 1.000000
0.995614 0.014147 0.092481 1.899022 -0.005878 0.996007 -0.089081 213.677963 -0.093372 0.088147 0.991722 69.907951 0.000000 0.000000 0.000000 1.000000
0.991929 0.018965 0.125371 2.036344 -0.005701 0.994422 -0.105322 224.502075 -0.126669 0.103757 0.986504 75.242844 0.000000 0.000000 0.000000 1.000000
0.991108 0.014280 0.132289 1.937105 0.005695 0.988761 -0.149396 232.753677 -0.132936 0.148820 0.979888 80.662849 0.000000 0.000000 0.000000 1.000000
0.991699 0.004979 0.128482 1.783767 0.019745 0.981502 -0.190433 238.877625 -0.127053 0.191389 0.973256 86.296211 0.000000 0.000000 0.000000 1.000000
0.991235 -0.000823 0.132110 1.804404 0.029181 0.976646 -0.212864 242.992279 -0.128849 0.214853 0.968110 92.134399 0.000000 0.000000 0.000000 1.000000
0.991292 -0.008021 0.131439 2.056041 0.037673 0.973697 -0.224710 245.194077 -0.126179 0.227705 0.965520 97.703079 0.000000 0.000000 0.000000 1.000000
0.990756 -0.013165 0.135015 2.451549 0.043185 0.974111 -0.221909 245.622726 -0.128598 0.225688 0.965675 103.236794 0.000000 0.000000 0.000000 1.000000
0.990201 -0.016487 0.138670 2.834840 0.046121 0.975896 -0.213308 244.735519 -0.131811 0.217614 0.967094 108.615288 0.000000 0.000000 0.000000 1.000000
0.989581 -0.017257 0.142936 3.035434 0.046014 0.978631 -0.200411 242.936264 -0.136423 0.204900 0.969229 113.405731 0.000000 0.000000 0.000000 1.000000
0.989472 -0.017201 0.143697 3.113081 0.043964 0.981714 -0.185215 240.110962 -0.137883 0.189582 0.972135 117.781067 0.000000 0.000000 0.000000 1.000000
0.989802 -0.017856 0.141326 3.201905 0.042194 0.984343 -0.171141 236.104935 -0.136058 0.175359 0.975058 122.092537 0.000000 0.000000 0.000000 1.000000
0.989821 -0.018506 0.141109 3.240650 0.041585 0.985847 -0.162407 230.856506 -0.136107 0.166622 0.976582 126.484024 0.000000 0.000000 0.000000 1.000000
0.989171 -0.020026 0.145394 3.234536 0.043940 0.985616 -0.163188 224.280319 -0.140035 0.167810 0.975823 131.041489 0.000000 0.000000 0.000000 1.000000
0.988063 -0.026139 0.151815 3.193510 0.052961 0.983066 -0.175430 216.145813 -0.144658 0.181376 0.972716 135.698608 0.000000 0.000000 0.000000 1.000000
0.986611 -0.035602 0.159157 3.197335 0.066965 0.978257 -0.196290 205.869675 -0.148708 0.204320 0.967543 140.338516 0.000000 0.000000 0.000000 1.000000
0.985787 -0.049934 0.160410 3.241601 0.084939 0.971923 -0.219435 193.257187 -0.144949 0.229941 0.962350 144.549561 0.000000 0.000000 0.000000 1.000000
0.985883 -0.066701 0.153577 3.339897 0.102675 0.965365 -0.239849 178.517136 -0.132260 0.252232 0.958586 147.825256 0.000000 0.000000 0.000000 1.000000
0.986239 -0.083104 0.142921 3.437443 0.118177 0.958914 -0.257910 162.387985 -0.115616 0.271250 0.955540 150.321960 0.000000 0.000000 0.000000 1.000000
0.985835 -0.095167 0.138100 3.585300 0.130516 0.952443 -0.275350 145.524902 -0.105328 0.289475 0.951373 152.203018 0.000000 0.000000 0.000000 1.000000
0.984069 -0.104040 0.144167 3.598353 0.142223 0.947252 -0.287203 128.880341 -0.106682 0.303131 0.946958 153.974091 0.000000 0.000000 0.000000 1.000000
0.983705 -0.092189 0.154356 3.917761 0.133276 0.950143 -0.281896 112.680687 -0.120672 0.297875 0.946947 155.490219 0.000000 0.000000 0.000000 1.000000
0.985401 -0.074385 0.153142 4.203371 0.111843 0.961014 -0.252870 98.212936 -0.128361 0.266306 0.955303 156.392990 0.000000 0.000000 0.000000 1.000000
0.989478 -0.052033 0.135003 4.570015 0.079812 0.974580 -0.209343 81.601440 -0.120678 0.217915 0.968478 157.170792 0.000000 0.000000 0.000000 1.000000
0.993716 -0.035754 0.106067 4.957631 0.054207 0.982796 -0.176560 65.138832 -0.097929 0.181200 0.978558 156.993713 0.000000 0.000000 0.000000 1.000000
0.997035 -0.016507 0.075157 4.950384 0.030006 0.982802 -0.182209 51.428661 -0.070857 0.183924 0.980383 157.723969 0.000000 0.000000 0.000000 1.000000
0.998548 0.003016 0.053791 5.215838 0.009944 0.970960 -0.239035 41.720875 -0.052950 0.239222 0.969520 159.116333 0.000000 0.000000 0.000000 1.000000
0.999146 0.018701 0.036836 5.838700 -0.004746 0.937729 -0.347334 40.486649 -0.041038 0.346863 0.937018 160.532272 0.000000 0.000000 0.000000 1.000000
0.999472 0.009168 0.031168 6.428676 0.004831 0.906748 -0.421644 40.826992 -0.032127 0.421572 0.906226 162.353516 0.000000 0.000000 0.000000 1.000000
0.999562 -0.000164 0.029580 6.703690 0.012751 0.904694 -0.425870 42.382103 -0.026691 0.426061 0.904301 164.251694 0.000000 0.000000 0.000000 1.000000
0.999513 -0.003144 0.031054 6.639087 0.015877 0.907792 -0.419120 44.374401 -0.026873 0.419409 0.907400 165.653000 0.000000 0.000000 0.000000 1.000000
0.999016 0.000276 0.044348 6.576087 0.017676 0.914636 -0.403892 46.621323 -0.040674 0.404278 0.913731 166.726334 0.000000 0.000000 0.000000 1.000000
0.998924 0.014178 0.044153 6.523295 0.005574 0.908508 -0.417830 48.918343 -0.046037 0.417627 0.907452 168.138260 0.000000 0.000000 0.000000 1.000000
0.998043 0.032202 0.053601 6.305777 -0.005427 0.898578 -0.438779 51.164631 -0.062294 0.437630 0.896995 169.545074 0.000000 0.000000 0.000000 1.000000
0.996439 0.052360 0.066095 6.054023 -0.016578 0.890192 -0.455284 53.269688 -0.082676 0.452567 0.887890 170.804489 0.000000 0.000000 0.000000 1.000000
0.994924 0.066646 0.075400 5.713712 -0.022762 0.878885 -0.476490 55.057442 -0.098024 0.472355 0.875941 172.048141 0.000000 0.000000 0.000000 1.000000
0.993465 0.072533 0.088129 5.296399 -0.019899 0.870361 -0.492011 56.415260 -0.112391 0.487042 0.866117 173.173599 0.000000 0.000000 0.000000 1.000000
0.992395 0.078216 0.095052 4.893575 -0.019038 0.860411 -0.509244 56.629456 -0.121615 0.503562 0.855357 174.165665 0.000000 0.000000 0.000000 1.000000
0.991781 0.083893 0.096602 4.575053 -0.020346 0.848833 -0.528270 56.709526 -0.126317 0.521963 0.843563 175.013382 0.000000 0.000000 0.000000 1.000000
0.991159 0.085398 0.101548 4.312429 -0.016983 0.840701 -0.541234 56.703896 -0.131591 0.534724 0.834718 175.688950 0.000000 0.000000 0.000000 1.000000
0.990763 0.083220 0.107068 4.096319 -0.011563 0.838517 -0.544753 56.635742 -0.135113 0.538483 0.831733 176.102890 0.000000 0.000000 0.000000 1.000000
0.990838 0.079568 0.109129 3.943278 -0.007951 0.840993 -0.540988 56.216244 -0.134822 0.535164 0.833920 176.196686 0.000000 0.000000 0.000000 1.000000
0.991462 0.073417 0.107766 3.821909 -0.004650 0.845821 -0.533447 55.456619 -0.130315 0.528391 0.838940 175.998199 0.000000 0.000000 0.000000 1.000000
0.992524 0.065404 0.103048 3.701232 -0.001417 0.850417 -0.526107 54.622013 -0.122043 0.522028 0.844152 175.567902 0.000000 0.000000 0.000000 1.000000
0.993859 0.054581 0.096259 3.559896 0.002689 0.857720 -0.514110 53.694729 -0.110624 0.511211 0.852306 174.334915 0.000000 0.000000 0.000000 1.000000
0.995533 0.038253 0.086314 3.411609 0.009390 0.869588 -0.493689 52.980881 -0.093943 0.492295 0.865344 172.765808 0.000000 0.000000 0.000000 1.000000
0.997369 0.016714 0.070537 3.261803 0.018505 0.882111 -0.470678 52.509438 -0.070088 0.470745 0.879481 171.006439 0.000000 0.000000 0.000000 1.000000
0.998385 -0.013770 0.055107 3.128427 0.036664 0.897226 -0.440046 52.279945 -0.043384 0.441356 0.896283 169.329468 0.000000 0.000000 0.000000 1.000000
0.998415 -0.042530 0.036873 3.116549 0.053876 0.911773 -0.407144 52.396217 -0.016303 0.408485 0.912619 168.050049 0.000000 0.000000 0.000000 1.000000
0.997651 -0.067291 0.012860 3.130395 0.067220 0.925240 -0.373380 53.157536 0.013226 0.373367 0.927589 167.320129 0.000000 0.000000 0.000000 1.000000
0.996061 -0.086988 -0.017219 3.130112 0.076072 0.938005 -0.338171 54.446449 0.045569 0.335528 0.940927 166.836792 0.000000 0.000000 0.000000 1.000000
0.993550 -0.102659 -0.048167 3.173989 0.083632 0.950224 -0.300133 56.454662 0.076581 0.294169 0.952680 166.390488 0.000000 0.000000 0.000000 1.000000
0.991051 -0.113311 -0.070561 3.402995 0.091501 0.961549 -0.258941 58.736217 0.097189 0.250167 0.963312 165.933914 0.000000 0.000000 0.000000 1.000000
0.990211 -0.114712 -0.079522 3.798479 0.095162 0.971610 -0.216606 61.745911 0.102112 0.206918 0.973015 165.469055 0.000000 0.000000 0.000000 1.000000
0.991647 -0.102101 -0.078814 4.288679 0.086931 0.980473 -0.176396 64.770813 0.095285 0.168071 0.981159 164.976624 0.000000 0.000000 0.000000 1.000000
0.994030 -0.078618 -0.075655 4.870543 0.067494 0.987880 -0.139777 67.855606 0.085727 0.133837 0.987289 164.430359 0.000000 0.000000 0.000000 1.000000
0.995824 -0.055947 -0.072141 5.504329 0.048163 0.993258 -0.105450 70.990692 0.077554 0.101535 0.991804 163.738541 0.000000 0.000000 0.000000 1.000000
0.996816 -0.046276 -0.064938 5.951616 0.041549 0.996514 -0.072345 74.155006 0.068060 0.069417 0.995263 163.194412 0.000000 0.000000 0.000000 1.000000
0.997353 -0.052064 -0.050757 6.178589 0.049969 0.997879 -0.041712 77.389580 0.052821 0.039066 0.997840 162.847351 0.000000 0.000000 0.000000 1.000000
0.997445 -0.064759 -0.030164 6.251112 0.064281 0.997794 -0.016562 80.721786 0.031170 0.014580 0.999408 162.724564 0.000000 0.000000 0.000000 1.000000
0.997183 -0.074640 -0.007464 6.392626 0.074643 0.997210 0.000227 84.131676 0.007426 -0.000783 0.999972 162.842789 0.000000 0.000000 0.000000 1.000000
0.996857 -0.078443 0.011076 6.705064 0.078358 0.996894 0.007958 86.854187 -0.011666 -0.007065 0.999907 162.941666 0.000000 0.000000 0.000000 1.000000
0.996901 -0.076344 0.018970 7.229553 0.076191 0.997056 0.008665 88.785095 -0.019576 -0.007193 0.999783 163.160004 0.000000 0.000000 0.000000 1.000000
0.997589 -0.068244 0.012594 7.950005 0.068171 0.997655 0.006177 89.754257 -0.012986 -0.005303 0.999902 163.487930 0.000000 0.000000 0.000000 1.000000
0.998608 -0.052479 -0.005231 8.799664 0.052505 0.998609 0.004916 89.604454 0.004966 -0.005184 0.999974 163.919754 0.000000 0.000000 0.000000 1.000000
0.999239 -0.031767 -0.022620 9.759541 0.031938 0.999464 0.007239 88.791878 0.022378 -0.007956 0.999718 164.388611 0.000000 0.000000 0.000000 1.000000
0.999465 -0.008672 -0.031523 10.850967 0.009046 0.999890 0.011738 87.296234 0.031418 -0.012017 0.999434 164.878799 0.000000 0.000000 0.000000 1.000000
0.999602 0.010647 -0.026140 11.933988 -0.010273 0.999844 0.014365 85.358078 0.026289 -0.014091 0.999555 165.355515 0.000000 0.000000 0.000000 1.000000
0.999793 0.019842 -0.004564 12.876069 -0.019792 0.999747 0.010657 83.676712 0.004775 -0.010564 0.999933 165.857758 0.000000 0.000000 0.000000 1.000000
0.999745 0.022507 -0.001895 13.650496 -0.022500 0.999741 0.003518 82.207047 0.001973 -0.003474 0.999992 166.394089 0.000000 0.000000 0.000000 1.000000
0.999607 0.027511 -0.005367 14.371202 -0.027492 0.999615 0.003692 80.985397 0.005466 -0.003543 0.999979 166.664459 0.000000 0.000000 0.000000 1.000000
0.999734 0.023052 -0.000348 14.922902 -0.023052 0.999734 -0.000946 80.318893 0.000326 0.000953 0.999999 166.747391 0.000000 0.000000 0.000000 1.000000
0.999830 0.016957 0.007308 15.323456 -0.016896 0.999822 -0.008381 80.078789 -0.007448 0.008256 0.999938 166.687546 0.000000 0.000000 0.000000 1.000000
0.999864 0.008541 0.014085 15.520911 -0.008332 0.999855 -0.014868 80.178146 -0.014210 0.014748 0.999790 166.483841 0.000000 0.000000 0.000000 1.000000
0.999754 -0.004161 0.021768 15.479088 0.004611 0.999776 -0.020680 80.633644 -0.021677 0.020775 0.999549 166.185837 0.000000 0.000000 0.000000 1.000000
0.999551 -0.010349 0.028110 15.323645 0.011037 0.999641 -0.024413 81.225143 -0.027847 0.024712 0.999307 165.802887 0.000000 0.000000 0.000000 1.000000
0.999456 -0.010161 0.031390 15.098596 0.010997 0.999586 -0.026578 81.826187 -0.031107 0.026909 0.999154 165.367355 0.000000 0.000000 0.000000 1.000000
0.999370 -0.009170 0.034283 14.777003 0.010125 0.999562 -0.027802 82.398117 -0.034013 0.028132 0.999025 164.927307 0.000000 0.000000 0.000000 1.000000
0.999282 -0.005654 0.037459 14.429986 0.006680 0.999604 -0.027323 82.861557 -0.037289 0.027554 0.998925 164.495285 0.000000 0.000000 0.000000 1.000000
0.999263 -0.000533 0.038371 14.098212 0.001525 0.999665 -0.025845 83.219421 -0.038345 0.025885 0.998929 164.097824 0.000000 0.000000 0.000000 1.000000
0.999347 0.002591 0.036052 13.792118 -0.001716 0.999704 -0.024272 83.481918 -0.036104 0.024194 0.999055 163.910400 0.000000 0.000000 0.000000 1.000000
0.999498 0.005490 0.031187 13.545815 -0.004779 0.999727 -0.022856 83.646187 -0.031304 0.022695 0.999252 163.792038 0.000000 0.000000 0.000000 1.000000
0.999622 0.009090 0.025934 13.377073 -0.008544 0.999742 -0.021060 83.725479 -0.026118 0.020830 0.999442 163.728851 0.000000 0.000000 0.000000 1.000000
0.999711 0.011033 0.021339 13.278858 -0.010640 0.999773 -0.018434 83.721344 -0.021537 0.018202 0.999602 163.708252 0.000000 0.000000 0.000000 1.000000
0.999800 0.012274 0.015785 13.252402 -0.012044 0.999821 -0.014589 83.623558 -0.015961 0.014396 0.999769 163.717987 0.000000 0.000000 0.000000 1.000000
0.999847 0.014049 0.010401 13.302794 -0.013954 0.999861 -0.009128 83.464714 -0.010528 0.008982 0.999904 163.796951 0.000000 0.000000 0.000000 1.000000
0.999861 0.015692 0.005636 13.410702 -0.015672 0.999871 -0.003495 83.292892 -0.005690 0.003406 0.999978 164.029800 0.000000 0.000000 0.000000 1.000000
0.999852 0.017152 0.001483 13.557139 -0.017154 0.999852 0.001222 83.142555 -0.001462 -0.001247 0.999998 164.367416 0.000000 0.000000 0.000000 1.000000
0.999817 0.019147 0.000010 13.651299 -0.019147 0.999807 0.004404 82.985435 0.000075 -0.004403 0.999990 164.551361 0.000000 0.000000 0.000000 1.000000</float_array><technique_common><accessor source="#Hips-Matrix-animation-output-transform-array" count="112" stride="16"><param type="float4x4"/></accessor></technique_common></source><source id="Hips-Interpolations"><Name_array id="Hips-Interpolations-array" count="112">
 LINEAR LINEAR LINEAR LINEAR LINEAR LINEAR LINEAR LINEAR LINEAR LINEAR LINEAR
LINEAR LINEAR LINEAR LINEAR LINEAR LINEAR LINEAR LINEAR LINEAR LINEAR LINEAR LINEAR
LINEAR LINEAR LINEAR LINEAR LINEAR LINEAR LINEAR LINEAR LINEAR LINEAR LINEAR LINEAR
LINEAR LINEAR LINEAR LINEAR LINEAR LINEAR LINEAR LINEAR LINEAR LINEAR LINEAR LINEAR
LINEAR LINEAR LINEAR LINEAR LINEAR LINEAR LINEAR LINEAR LINEAR LINEAR LINEAR LINEAR
LINEAR LINEAR LINEAR LINEAR LINEAR LINEAR LINEAR LINEAR LINEAR LINEAR LINEAR LINEAR
LINEAR LINEAR LINEAR LINEAR LINEAR LINEAR LINEAR LINEAR LINEAR LINEAR LINEAR LINEAR
LINEAR LINEAR LINEAR LINEAR LINEAR LINEAR LINEAR LINEAR LINEAR LINEAR LINEAR LINEAR
LINEAR LINEAR LINEAR LINEAR LINEAR LINEAR LINEAR LINEAR LINEAR LINEAR LINEAR LINEAR
LINEAR LINEAR LINEAR LINEAR LINEAR</Name_array><technique_common><accessor source="#Hips-Interpolations-array" count="112"><param type="name"/></accessor></technique_common></source><sampler id="Hips-Matrix-animation-transform"><input semantic="INPUT" source="#Hips-Matrix-animation-input"/><input semantic="OUTPUT" source="#Hips-Matrix-animation-output-transform"/><input semantic="INTERPOLATION" source="#Hips-Interpolations"/></sampler><channel source="#Hips-Matrix-animation-transform" target="Hips/matrix"/></animation>
    <animation id="Spine-anim" name="Spine"><source id="Spine-Matrix-animation-input"><float_array id="Spine-Matrix-animation-input-array" count="112">

0.000000 0.033333 0.066667 0.100000 0.133333 0.166667 0.200000 0.233333 0.266667 0.300000 0.333333 0.366667 0.400000 0.433333 0.466667 0.500000
0.533333 0.566667 0.600000 0.633333 0.666667 0.700000 0.733333 0.766667 0.800000 0.833333 0.866667 0.900000 0.933333 0.966667 1.000000 1.033333
1.066667 1.100000 1.133333 1.166667 1.200000 1.233333 1.266667 1.300000 1.333333 1.366667 1.400000 1.433333 1.466667 1.500000 1.533333 1.566667
1.600000 1.633333 1.666667 1.700000 1.733333 1.766667 1.800000 1.833333 1.866667 1.900000 1.933333 1.966667 2.000000 2.033333 2.066667 2.100000
2.133333 2.166667 2.200000 2.233333 2.266667 2.300000 2.333333 2.366667 2.400000 2.433333 2.466667 2.500000 2.533333 2.566667 2.600000 2.633333
2.666667 2.700000 2.733333 2.766667 2.800000 2.833333 2.866667 2.900000 2.933333 2.966667 3.000000 3.033333 3.066667 3.100000 3.133333 3.166667
3.200000 3.233333 3.266667 3.300000 3.333333 3.366667 3.400000 3.433333 3.466667 3.500000 3.533333 3.566667 3.600000 3.633333 3.666667 3.700000</float_array><technique_common><accessor source="#Spine-Matrix-animation-input-array" count="112"><param name="TIME" type="float"/></accessor></technique_common></source><source id="Spine-Matrix-animation-output-transform"><float_array id="Spine-Matrix-animation-output-transform-array" count="1792">

0.999967 -0.006766 0.004514 0.000000 0.007773 0.958358 -0.285463 13.663900 -0.002395 0.285488 0.958379 -1.184000 0.000000 0.000000 0.000000 1.000000
0.999859 -0.013513 0.009957 -0.000000 0.015738 0.960932 -0.276338 13.663900 -0.005834 0.276456 0.961009 -1.184000 0.000000 0.000000 0.000000 1.000000
0.999655 -0.020992 0.015797 -0.000000 0.024414 0.964370 -0.263429 13.663900 -0.009704 0.263724 0.964549 -1.184000 0.000000 0.000000 0.000000 1.000000
0.999435 -0.026211 0.021042 0.000000 0.030756 0.965660 -0.257980 13.663900 -0.013558 0.258482 0.965921 -1.184000 0.000000 0.000000 0.000000 1.000000
0.999351 -0.026058 0.024882 -0.000000 0.031838 0.961975 -0.271275 13.663900 -0.016867 0.271891 0.962180 -1.184000 0.000000 0.000000 0.000000 1.000000
0.999420 -0.020172 0.027427 0.000000 0.027595 0.951797 -0.305486 13.663900 -0.019943 0.306066 0.951802 -1.184000 0.000000 0.000000 0.000000 1.000000
0.999535 -0.010594 0.028589 0.000000 0.019997 0.935621 -0.352439 13.663900 -0.023014 0.352847 0.935398 -1.184000 0.000000 0.000000 0.000000 1.000000
0.999600 0.000540 0.028284 0.000000 0.011011 0.913553 -0.406570 13.663900 -0.026059 0.406719 0.913182 -1.184000 0.000000 0.000000 0.000000 1.000000
0.999580 0.011172 0.026739 0.000000 0.002461 0.886632 -0.462470 13.663900 -0.028875 0.462341 0.886232 -1.184000 0.000000 0.000000 0.000000 1.000000
0.999510 0.019391 0.024573 0.000000 -0.003963 0.857088 -0.515155 13.663900 -0.031051 0.514805 0.856745 -1.184000 0.000000 0.000000 0.000000 1.000000
0.999491 0.022039 0.023067 0.000000 -0.005412 0.829697 -0.558187 13.663900 -0.031440 0.557778 0.829394 -1.184000 0.000000 0.000000 0.000000 1.000000
0.999435 0.024805 0.022688 0.000000 -0.006712 0.808592 -0.588331 13.663900 -0.032939 0.587846 0.808302 -1.184000 0.000000 0.000000 0.000000 1.000000
0.999298 0.027790 0.025127 -0.000000 -0.006784 0.793797 -0.608145 13.663900 -0.036846 0.607548 0.793428 -1.184000 0.000000 0.000000 0.000000 1.000000
0.999214 0.025914 0.029990 -0.000000 -0.002091 0.790056 -0.613031 13.663900 -0.039580 0.612486 0.789490 -1.184000 0.000000 0.000000 0.000000 1.000000
0.999183 0.022943 0.033274 0.000000 0.002588 0.785271 -0.619147 13.663900 -0.040334 0.618728 0.784570 -1.184000 0.000000 0.000000 0.000000 1.000000
0.999190 0.020271 0.034776 0.000000 0.005472 0.787517 -0.616268 13.663900 -0.039879 0.615959 0.786768 -1.184000 0.000000 0.000000 0.000000 1.000000
0.999231 0.013528 0.036799 -0.000000 0.010647 0.809676 -0.586781 13.663900 -0.037733 0.586721 0.808909 -1.184000 0.000000 0.000000 0.000000 1.000000
0.999377 0.011763 0.033287 0.000000 0.007266 0.854144 -0.519986 13.663900 -0.034548 0.519904 0.853526 -1.184000 0.000000 0.000000 0.000000 1.000000
0.999556 0.008178 0.028654 0.000000 0.004938 0.902846 -0.429935 13.663900 -0.029386 0.429886 0.902405 -1.184000 0.000000 0.000000 0.000000 1.000000
0.999218 0.034948 0.018495 0.000000 -0.026910 0.943769 -0.329510 13.663900 -0.028970 0.328755 0.943971 -1.184000 0.000000 0.000000 0.000000 1.000000
0.998571 0.048757 0.021887 -0.000000 -0.042573 0.973254 -0.225754 13.663900 -0.032309 0.224499 0.973938 -1.184000 0.000000 0.000000 0.000000 1.000000
0.998532 0.046153 0.028350 0.000000 -0.042262 0.991234 -0.125172 13.663900 -0.033879 0.123791 0.991730 -1.184000 0.000000 0.000000 0.000000 1.000000
0.998698 0.040109 0.031536 0.000000 -0.038911 0.998530 -0.037722 13.663900 -0.033002 0.036446 0.998791 -1.184000 0.000000 0.000000 0.000000 1.000000
0.999064 0.032413 0.028634 0.000000 -0.033103 0.999165 0.023956 13.663900 -0.027833 -0.024882 0.999303 -1.184000 0.000000 0.000000 0.000000 1.000000
0.999510 0.023935 0.020191 0.000000 -0.025011 0.998184 0.054796 13.663900 -0.018843 -0.055274 0.998293 -1.184000 0.000000 0.000000 0.000000 1.000000
0.999783 0.017064 0.011931 0.000000 -0.017986 0.996469 0.082012 13.663900 -0.010490 -0.082209 0.996560 -1.184000 0.000000 0.000000 0.000000 1.000000
0.999882 0.013256 0.007735 0.000000 -0.014026 0.993854 0.109807 13.663900 -0.006232 -0.109903 0.993923 -1.184000 0.000000 0.000000 0.000000 1.000000
0.999925 0.010815 0.005678 -0.000000 -0.011476 0.990976 0.133548 13.663900 -0.004183 -0.133603 0.991026 -1.184000 0.000000 0.000000 0.000000 1.000000
0.999950 0.008845 0.004617 0.000000 -0.009434 0.988807 0.148903 13.663900 -0.003248 -0.148939 0.988841 -1.184000 0.000000 0.000000 0.000000 1.000000
0.999965 0.007870 0.002923 0.000000 -0.008227 0.987907 0.154827 13.663900 -0.001670 -0.154845 0.987937 -1.184000 0.000000 0.000000 0.000000 1.000000
0.999942 0.010516 0.002473 0.000000 -0.010769 0.988406 0.151449 13.663900 -0.000852 -0.151467 0.988462 -1.184000 0.000000 0.000000 0.000000 1.000000
0.999874 0.015302 0.004178 -0.000000 -0.015744 0.989456 0.143975 13.663900 -0.001931 -0.144023 0.989572 -1.184000 0.000000 0.000000 0.000000 1.000000
0.999784 0.020205 0.004926 0.000000 -0.020682 0.990821 0.133590 13.663900 -0.002181 -0.133663 0.991024 -1.184000 0.000000 0.000000 0.000000 1.000000
0.999670 0.024776 0.006804 0.000000 -0.025420 0.992247 0.121657 13.663900 -0.003737 -0.121790 0.992549 -1.184000 0.000000 0.000000 0.000000 1.000000
0.999532 0.029093 0.009479 0.000000 -0.029961 0.993463 0.110152 13.663900 -0.006212 -0.110385 0.993870 -1.184000 0.000000 0.000000 0.000000 1.000000
0.999438 0.032092 0.009662 -0.000000 -0.032903 0.994367 0.100751 13.663900 -0.006374 -0.101013 0.994865 -1.184000 0.000000 0.000000 0.000000 1.000000
0.999379 0.034358 0.007863 0.000000 -0.034945 0.994977 0.093811 13.663900 -0.004600 -0.094028 0.995559 -1.184000 0.000000 0.000000 0.000000 1.000000
0.999215 0.038894 0.007474 -0.000000 -0.039401 0.995356 0.087829 13.663900 -0.004023 -0.088055 0.996107 -1.184000 0.000000 0.000000 0.000000 1.000000
0.999036 0.043490 0.005987 0.000000 -0.043831 0.995807 0.080294 13.663900 -0.002470 -0.080479 0.996753 -1.184000 0.000000 0.000000 0.000000 1.000000
0.998829 0.048174 0.004349 0.000000 -0.048361 0.996377 0.069963 13.663900 -0.000963 -0.070091 0.997540 -1.184000 0.000000 0.000000 0.000000 1.000000
0.998720 0.050567 0.001135 0.000000 -0.050545 0.996974 0.059065 13.663900 0.001856 -0.059047 0.998253 -1.184000 0.000000 0.000000 0.000000 1.000000
0.998703 0.050783 -0.003724 -0.000000 -0.050522 0.997373 0.051903 13.663900 0.006350 -0.051647 0.998645 -1.184000 0.000000 0.000000 0.000000 1.000000
0.998694 0.050029 -0.010407 0.000000 -0.049459 0.997562 0.049234 13.663900 0.012845 -0.048655 0.998733 -1.184000 0.000000 0.000000 0.000000 1.000000
0.998416 0.053372 -0.017787 -0.000000 -0.052560 0.997675 0.043377 13.663900 0.020061 -0.042374 0.998900 -1.184000 0.000000 0.000000 0.000000 1.000000
0.998812 0.042258 -0.024254 0.000000 -0.041782 0.998930 0.019806 13.663900 0.025065 -0.018769 0.999510 -1.184000 0.000000 0.000000 0.000000 1.000000
0.999304 0.027766 -0.024925 0.000000 -0.028572 0.999060 -0.032611 13.663900 0.023997 0.033301 0.999157 -1.184000 0.000000 0.000000 0.000000 1.000000
0.999703 0.009862 -0.022300 -0.000000 -0.012299 0.993641 -0.111917 13.663900 0.021055 0.112158 0.993467 -1.184000 0.000000 0.000000 0.000000 1.000000
0.999737 0.000485 -0.022920 0.000000 -0.005083 0.979576 -0.201012 13.663900 0.022354 0.201075 0.979321 -1.184000 0.000000 0.000000 0.000000 1.000000
0.999626 -0.009006 -0.025833 0.000000 0.001464 0.960527 -0.278182 13.663900 0.027319 0.278040 0.960181 -1.184000 0.000000 0.000000 0.000000 1.000000
0.999314 -0.019295 -0.031608 0.000000 0.007786 0.943928 -0.330060 13.663900 0.036204 0.329588 0.943431 -1.184000 0.000000 0.000000 0.000000 1.000000
0.999222 -0.026360 -0.029330 0.000000 0.014294 0.935284 -0.353610 13.663900 0.036753 0.352915 0.934933 -1.184000 0.000000 0.000000 0.000000 1.000000
0.999270 -0.028238 -0.025742 0.000000 0.017096 0.932909 -0.359706 13.663900 0.034172 0.359003 0.932711 -1.184000 0.000000 0.000000 0.000000 1.000000
0.999414 -0.025445 -0.022915 0.000000 0.015620 0.934287 -0.356178 13.663900 0.030472 0.355611 0.934137 -1.184000 0.000000 0.000000 0.000000 1.000000
0.999566 -0.021674 -0.019973 0.000000 0.013433 0.938192 -0.345855 13.663900 0.026235 0.345437 0.938075 -1.184000 0.000000 0.000000 0.000000 1.000000
0.999700 -0.017421 -0.017192 0.000000 0.010732 0.943281 -0.331821 13.663900 0.021997 0.331537 0.943186 -1.184000 0.000000 0.000000 0.000000 1.000000
0.999793 -0.013933 -0.014799 0.000000 0.008540 0.948657 -0.316190 13.663900 0.018444 0.315998 0.948580 -1.184000 0.000000 0.000000 0.000000 1.000000
0.999861 -0.011014 -0.012552 -0.000000 0.006726 0.953613 -0.300960 13.663900 0.015285 0.300834 0.953554 -1.184000 0.000000 0.000000 0.000000 1.000000
0.999900 -0.009011 -0.010888 0.000000 0.005488 0.957476 -0.288462 13.663900 0.013025 0.288373 0.957430 -1.184000 0.000000 0.000000 0.000000 1.000000
0.999912 -0.007724 -0.010756 0.000000 0.004388 0.959628 -0.281240 13.663900 0.012494 0.281168 0.959577 -1.184000 0.000000 0.000000 0.000000 1.000000
0.999913 -0.006768 -0.011356 0.000000 0.003392 0.961607 -0.274410 13.663900 0.012777 0.274347 0.961546 -1.184000 0.000000 0.000000 0.000000 1.000000
0.999909 -0.006455 -0.011847 -0.000000 0.003069 0.963921 -0.266170 13.663900 0.013138 0.266109 0.963853 -1.184000 0.000000 0.000000 0.000000 1.000000
0.999911 -0.006665 -0.011535 0.000000 0.003479 0.966435 -0.256887 13.663900 0.012860 0.256825 0.966372 -1.184000 0.000000 0.000000 0.000000 1.000000
0.999913 -0.006841 -0.011247 0.000000 0.003825 0.968486 -0.249037 13.663900 0.012596 0.248973 0.968429 -1.184000 0.000000 0.000000 0.000000 1.000000
0.999908 -0.006719 -0.011787 0.000000 0.003627 0.969542 -0.244897 13.663900 0.013074 0.244832 0.969477 -1.184000 0.000000 0.000000 0.000000 1.000000
0.999895 -0.006299 -0.013074 0.000000 0.002913 0.969680 -0.244359 13.663900 0.014217 0.244295 0.969597 -1.184000 0.000000 0.000000 0.000000 1.000000
0.999882 -0.005837 -0.014196 0.000000 0.002177 0.969447 -0.245291 13.663900 0.015193 0.245231 0.969345 -1.184000 0.000000 0.000000 0.000000 1.000000
0.999882 -0.005834 -0.014238 0.000000 0.002158 0.969344 -0.245698 13.663900 0.015235 0.245638 0.969242 -1.184000 0.000000 0.000000 0.000000 1.000000
0.999890 -0.006275 -0.013455 0.000000 0.002787 0.969525 -0.244976 13.663900 0.014582 0.244912 0.969436 -1.184000 0.000000 0.000000 0.000000 1.000000
0.999899 -0.005587 -0.013072 0.000000 0.002239 0.969956 -0.243269 13.663900 0.014038 0.243216 0.969871 -1.184000 0.000000 0.000000 0.000000 1.000000
0.999893 -0.002875 -0.014360 -0.000000 -0.000661 0.970671 -0.240409 13.663900 0.014630 0.240393 0.970565 -1.184000 0.000000 0.000000 0.000000 1.000000
0.999837 0.002135 -0.017903 0.000000 -0.006297 0.971780 -0.235805 13.663900 0.016894 0.235880 0.971635 -1.184000 0.000000 0.000000 0.000000 1.000000
0.999723 0.007208 -0.022412 -0.000000 -0.012153 0.973336 -0.229063 13.663900 0.020163 0.229272 0.973153 -1.184000 0.000000 0.000000 0.000000 1.000000
0.999573 0.011700 -0.026773 0.000000 -0.017321 0.975238 -0.220480 13.663900 0.023531 0.220850 0.975024 -1.184000 0.000000 0.000000 0.000000 1.000000
0.999424 0.015681 -0.030100 0.000000 -0.021698 0.977163 -0.211382 13.663900 0.026098 0.211913 0.976940 -1.184000 0.000000 0.000000 0.000000 1.000000
0.999319 0.019342 -0.031439 0.000000 -0.025358 0.978648 -0.203973 13.663900 0.026822 0.204632 0.978471 -1.184000 0.000000 0.000000 0.000000 1.000000
0.999346 0.020154 -0.030010 0.000000 -0.025765 0.979409 -0.200234 13.663900 0.025357 0.200876 0.979288 -1.184000 0.000000 0.000000 0.000000 1.000000
0.999585 0.014147 -0.025079 0.000000 -0.018892 0.979520 -0.200458 13.663900 0.021730 0.200849 0.979381 -1.184000 0.000000 0.000000 0.000000 1.000000
0.999849 -0.001431 -0.017291 0.000000 -0.002111 0.979164 -0.203060 13.663900 0.017221 0.203066 0.979014 -1.184000 0.000000 0.000000 0.000000 1.000000
0.999715 -0.022234 -0.008696 0.000000 0.019965 0.978323 -0.206121 13.663900 0.013091 0.205889 0.978488 -1.184000 0.000000 0.000000 0.000000 1.000000
0.999263 -0.038331 -0.002179 0.000000 0.037027 0.977159 -0.209260 13.663900 0.010150 0.209025 0.977858 -1.184000 0.000000 0.000000 0.000000 1.000000
0.999184 -0.040380 0.000002 0.000000 0.039450 0.976147 -0.213495 13.663900 0.008619 0.213321 0.976944 -1.184000 0.000000 0.000000 0.000000 1.000000
0.999641 -0.026706 -0.002252 0.000000 0.025561 0.975289 -0.219449 13.663900 0.008057 0.219313 0.975621 -1.184000 0.000000 0.000000 0.000000 1.000000
0.999965 -0.005116 -0.006635 0.000000 0.003481 0.974017 -0.226449 13.663900 0.007621 0.226418 0.974000 -1.184000 0.000000 0.000000 0.000000 1.000000
0.999857 0.013622 -0.010039 0.000000 -0.015589 0.972272 -0.233332 13.663900 0.006582 0.233455 0.972345 -1.184000 0.000000 0.000000 0.000000 1.000000
0.999667 0.023570 -0.010461 0.000000 -0.025389 0.970607 -0.239327 13.663900 0.004512 0.239513 0.970883 -1.184000 0.000000 0.000000 0.000000 1.000000
0.999674 0.024430 -0.007373 0.000000 -0.025491 0.969369 -0.244281 13.663900 0.001180 0.244389 0.969677 -1.184000 0.000000 0.000000 0.000000 1.000000
0.999798 0.019980 -0.002049 0.000000 -0.019862 0.968398 -0.248616 13.663900 -0.002983 0.248607 0.968600 -1.184000 0.000000 0.000000 0.000000 1.000000
0.999895 0.014149 0.003231 0.000000 -0.012870 0.967339 -0.253160 13.663900 -0.006707 0.253092 0.967419 -1.184000 0.000000 0.000000 0.000000 1.000000
0.999942 0.008535 0.006523 -0.000000 -0.006557 0.965930 -0.258722 13.663900 -0.008509 0.258664 0.965930 -1.184000 0.000000 0.000000 0.000000 1.000000
0.999970 0.003290 0.006998 0.000000 -0.001313 0.964074 -0.265632 13.663900 -0.007620 0.265614 0.964049 -1.184000 0.000000 0.000000 0.000000 1.000000
0.999983 -0.001683 0.005628 0.000000 0.003159 0.961862 -0.273517 13.663900 -0.004953 0.273530 0.961851 -1.184000 0.000000 0.000000 0.000000 1.000000
0.999976 -0.005191 0.004559 0.000000 0.006265 0.959518 -0.281577 13.663900 -0.002912 0.281599 0.959528 -1.184000 0.000000 0.000000 0.000000 1.000000
0.999964 -0.006533 0.005436 0.000000 0.007826 0.957246 -0.289168 13.663900 -0.003314 0.289200 0.957263 -1.184000 0.000000 0.000000 0.000000 1.000000
0.999953 -0.005891 0.007760 0.000000 0.007924 0.955153 -0.296008 13.663900 -0.005668 0.296055 0.955154 -1.184000 0.000000 0.000000 0.000000 1.000000
0.999949 -0.003721 0.009430 0.000000 0.006393 0.953368 -0.301744 13.663900 -0.007867 0.301789 0.953342 -1.184000 0.000000 0.000000 0.000000 1.000000
0.999950 -0.001763 0.009804 0.000000 0.004677 0.952078 -0.305819 13.663900 -0.008795 0.305850 0.952039 -1.184000 0.000000 0.000000 0.000000 1.000000
0.999957 -0.000010 0.009267 0.000000 0.002863 0.951383 -0.307999 13.663900 -0.008813 0.308012 0.951342 -1.184000 0.000000 0.000000 0.000000 1.000000
0.999963 0.002104 0.008303 -0.000000 0.000561 0.951174 -0.308655 13.663900 -0.008547 0.308648 0.951138 -1.184000 0.000000 0.000000 0.000000 1.000000
0.999965 0.003819 0.007448 -0.000000 -0.001335 0.951247 -0.308428 13.663900 -0.008263 0.308408 0.951218 -1.184000 0.000000 0.000000 0.000000 1.000000
0.999967 0.004734 0.006664 0.000000 -0.002453 0.951461 -0.307759 13.663900 -0.007797 0.307732 0.951441 -1.184000 0.000000 0.000000 0.000000 1.000000
0.999971 0.005072 0.005762 0.000000 -0.003060 0.951788 -0.306740 13.663900 -0.007040 0.306714 0.951776 -1.184000 0.000000 0.000000 0.000000 1.000000
0.999976 0.004802 0.004917 0.000000 -0.003072 0.952253 -0.305293 13.663900 -0.006148 0.305271 0.952246 -1.184000 0.000000 0.000000 0.000000 1.000000
0.999983 0.004077 0.004280 0.000000 -0.002587 0.952878 -0.303344 13.663900 -0.005315 0.303327 0.952872 -1.184000 0.000000 0.000000 0.000000 1.000000
0.999988 0.003118 0.003874 -0.000000 -0.001807 0.953651 -0.300910 13.663900 -0.004633 0.300899 0.953645 -1.184000 0.000000 0.000000 0.000000 1.000000
0.999991 0.001735 0.003796 0.000000 -0.000524 0.954527 -0.298123 13.663900 -0.004141 0.298119 0.954520 -1.184000 0.000000 0.000000 0.000000 1.000000
0.999992 -0.000064 0.003876 0.000000 0.001205 0.955429 -0.295218 13.663900 -0.003684 0.295220 0.955422 -1.184000 0.000000 0.000000 0.000000 1.000000
0.999990 -0.001878 0.003938 0.000000 0.002948 0.956272 -0.292463 13.663900 -0.003216 0.292472 0.956269 -1.184000 0.000000 0.000000 0.000000 1.000000
0.999986 -0.003520 0.004012 -0.000000 0.004532 0.956991 -0.290082 13.663900 -0.002818 0.290096 0.956993 -1.184000 0.000000 0.000000 0.000000 1.000000
0.999980 -0.004885 0.004134 -0.000000 0.005869 0.957554 -0.288195 13.663900 -0.002551 0.288213 0.957563 -1.184000 0.000000 0.000000 0.000000 1.000000
0.999974 -0.005864 0.004266 0.000000 0.006841 0.957960 -0.286822 13.663900 -0.002405 0.286843 0.957975 -1.184000 0.000000 0.000000 0.000000 1.000000
0.999969 -0.006472 0.004398 0.000000 0.007460 0.958224 -0.285922 13.663900 -0.002364 0.285946 0.958243 -1.184000 0.000000 0.000000 0.000000 1.000000
0.999967 -0.006766 0.004515 -0.000000 0.007773 0.958358 -0.285463 13.663900 -0.002395 0.285489 0.958379 -1.184000 0.000000 0.000000 0.000000 1.000000</float_array><technique_common><accessor source="#Spine-Matrix-animation-output-transform-array" count="112" stride="16"><param type="float4x4"/></accessor></technique_common></source><source id="Spine-Interpolations"><Name_array id="Spine-Interpolations-array" count="112">
 LINEAR LINEAR LINEAR LINEAR LINEAR LINEAR LINEAR LINEAR LINEAR LINEAR LINEAR
LINEAR LINEAR LINEAR LINEAR LINEAR LINEAR LINEAR LINEAR LINEAR LINEAR LINEAR LINEAR
LINEAR LINEAR LINEAR LINEAR LINEAR LINEAR LINEAR LINEAR LINEAR LINEAR LINEAR LINEAR
LINEAR LINEAR LINEAR LINEAR LINEAR LINEAR LINEAR LINEAR LINEAR LINEAR LINEAR LINEAR
LINEAR LINEAR LINEAR LINEAR LINEAR LINEAR LINEAR LINEAR LINEAR LINEAR LINEAR LINEAR
LINEAR LINEAR LINEAR LINEAR LINEAR LINEAR LINEAR LINEAR LINEAR LINEAR LINEAR LINEAR
LINEAR LINEAR LINEAR LINEAR LINEAR LINEAR LINEAR LINEAR LINEAR LINEAR LINEAR LINEAR
LINEAR LINEAR LINEAR LINEAR LINEAR LINEAR LINEAR LINEAR LINEAR LINEAR LINEAR LINEAR
LINEAR LINEAR LINEAR LINEAR LINEAR LINEAR LINEAR LINEAR LINEAR LINEAR LINEAR LINEAR
LINEAR LINEAR LINEAR LINEAR LINEAR</Name_array><technique_common><accessor source="#Spine-Interpolations-array" count="112"><param type="name"/></accessor></technique_common></source><sampler id="Spine-Matrix-animation-transform"><input semantic="INPUT" source="#Spine-Matrix-animation-input"/><input semantic="OUTPUT" source="#Spine-Matrix-animation-output-transform"/><input semantic="INTERPOLATION" source="#Spine-Interpolations"/></sampler><channel source="#Spine-Matrix-animation-transform" target="Spine/matrix"/></animation>
