<?xml version="1.0" encoding="utf-8"?>
<COLLADA xmlns="http://www.collada.org/2005/11/COLLADASchema" version="1.4.1">
  <asset><contributor><author>Mixamo</author><authoring_tool>COLLADA Mixamo exporter</authoring_tool><comments></comments></contributor><created>2019-01-15T19:16:03Z</created><modified>2019-01-15T19:16:03Z</modified><revision></revision><title></title><unit meter="0.010000"/><up_axis>Y_UP</up_axis></asset>
  <library_animations>
    <animation id="Hips-anim" name="Hips"><source id="Hips-Matrix-animation-input"><float_array id="Hips-Matrix-animation-input-array" count="122">

0.000000 0.033333 0.066667 0.100000 0.133333 0.166667 0.200000 0.233333 0.266667 0.300000 0.333333 0.366667 0.400000 0.433333 0.466667 0.500000
0.533333 0.566667 0.600000 0.633333 0.666667 0.700000 0.733333 0.766667 0.800000 0.833333 0.866667 0.900000 0.933333 0.966667 1.000000 1.033333
1.066667 1.100000 1.133333 1.166667 1.200000 1.233333 1.266667 1.300000 1.333333 1.366667 1.400000 1.433333 1.466667 1.500000 1.533333 1.566667
1.600000 1.633333 1.666667 1.700000 1.733333 1.766667 1.800000 1.833333 1.866667 1.900000 1.933333 1.966667 2.000000 2.033333 2.066667 2.100000
2.133333 2.166667 2.200000 2.233333 2.266667 2.300000 2.333333 2.366667 2.400000 2.433333 2.466667 2.500000 2.533333 2.566667 2.600000 2.633333
2.666667 2.700000 2.733333 2.766667 2.800000 2.833333 2.866667 2.900000 2.933333 2.966667 3.000000 3.033333 3.066667 3.100000 3.133333 3.166667
3.200000 3.233333 3.266667 3.300000 3.333333 3.366667 3.400000 3.433333 3.466667 3.500000 3.533333 3.566667 3.600000 3.633333 3.666667 3.700000
3.733333 3.766667 3.800000 3.833333 3.866667 3.900000 3.933333 3.966667 4.000000 4.033333</float_array><technique_common><accessor source="#Hips-Matrix-animation-input-array" count="122"><param name="TIME" type="float"/></accessor></technique_common></source><source id="Hips-Matrix-animation-output-transform"><float_array id="Hips-Matrix-animation-output-transform-array" count="1952">

0.999817 0.019146 0.000010 -0.005977 -0.019146 0.999807 0.004404 82.985435 0.000075 -0.004403 0.999990 0.845221 0.000000 0.000000 0.000000 1.000000
0.999817 0.019130 0.000010 -0.010120 -0.019129 0.999807 0.004406 82.977890 0.000074 -0.004405 0.999990 0.866826 0.000000 0.000000 0.000000 1.000000
0.999817 0.019112 0.000012 -0.014264 -0.019112 0.999808 0.004407 82.970711 0.000072 -0.004407 0.999990 0.888420 0.000000 0.000000 0.000000 1.000000
0.999818 0.019096 0.000012 -0.016926 -0.019096 0.999808 0.004409 82.970612 0.000072 -0.004408 0.999990 0.920518 0.000000 0.000000 0.000000 1.000000
0.999818 0.019093 -0.000364 -0.015152 -0.019092 0.999807 0.004601 82.988007 0.000452 -0.004593 0.999989 0.979921 0.000000 0.000000 0.000000 1.000000
0.999817 0.019092 -0.000776 -0.010460 -0.019088 0.999805 0.004965 83.015099 0.000871 -0.004949 0.999987 1.045910 0.000000 0.000000 0.000000 1.000000
0.999821 0.018905 -0.001180 -0.003908 -0.018898 0.999807 0.005398 83.047539 0.001282 -0.005374 0.999985 1.116720 0.000000 0.000000 0.000000 1.000000
0.999824 0.018691 -0.001581 0.002284 -0.018681 0.999808 0.005882 83.080231 0.001690 -0.005851 0.999981 1.192779 0.000000 0.000000 0.000000 1.000000
0.999826 0.018520 -0.002002 0.006416 -0.018506 0.999808 0.006399 83.109894 0.002120 -0.006361 0.999978 1.272708 0.000000 0.000000 0.000000 1.000000
0.999827 0.018425 -0.002466 0.008043 -0.018407 0.999807 0.006933 83.132416 0.002593 -0.006887 0.999973 1.355008 0.000000 0.000000 0.000000 1.000000
0.999827 0.018371 -0.002912 0.008266 -0.018348 0.999804 0.007465 83.146980 0.003049 -0.007411 0.999968 1.438334 0.000000 0.000000 0.000000 1.000000
0.999829 0.018213 -0.003122 0.007112 -0.018187 0.999802 0.008012 83.158058 0.003268 -0.007954 0.999963 1.521035 0.000000 0.000000 0.000000 1.000000
0.999838 0.017799 -0.002812 0.005382 -0.017774 0.999807 0.008407 83.169991 0.002961 -0.008356 0.999961 1.603134 0.000000 0.000000 0.000000 1.000000
0.999851 0.017156 -0.001934 0.004766 -0.017139 0.999816 0.008613 83.187805 0.002081 -0.008578 0.999961 1.685745 0.000000 0.000000 0.000000 1.000000
0.999863 0.016535 -0.000842 0.007330 -0.016527 0.999827 0.008573 83.214882 0.000984 -0.008558 0.999963 1.772675 0.000000 0.000000 0.000000 1.000000
0.999869 0.016186 0.000055 0.014517 -0.016186 0.999835 0.008266 83.253189 0.000079 -0.008266 0.999966 1.865103 0.000000 0.000000 0.000000 1.000000
0.999870 0.016085 0.000665 0.026401 -0.016090 0.999840 0.007762 83.302307 -0.000540 -0.007771 0.999970 1.960151 0.000000 0.000000 0.000000 1.000000
0.999870 0.016065 0.001136 0.041543 -0.016073 0.999845 0.007172 83.360901 -0.001020 -0.007190 0.999974 2.054233 0.000000 0.000000 0.000000 1.000000
0.999869 0.016078 0.001628 0.058939 -0.016089 0.999849 0.006595 83.422485 -0.001522 -0.006620 0.999977 2.145956 0.000000 0.000000 0.000000 1.000000
0.999868 0.016099 0.002148 0.077476 -0.016112 0.999852 0.006099 83.481834 -0.002049 -0.006133 0.999979 2.234432 0.000000 0.000000 0.000000 1.000000
0.999867 0.016110 0.002522 0.096382 -0.016124 0.999854 0.005723 83.535965 -0.002429 -0.005763 0.999980 2.319333 0.000000 0.000000 0.000000 1.000000
0.999867 0.016093 0.002612 0.115445 -0.016107 0.999855 0.005477 83.583267 -0.002524 -0.005519 0.999982 2.400989 0.000000 0.000000 0.000000 1.000000
0.999869 0.015998 0.002444 0.135039 -0.016011 0.999857 0.005389 83.623184 -0.002357 -0.005428 0.999982 2.480109 0.000000 0.000000 0.000000 1.000000
0.999874 0.015738 0.002062 0.155999 -0.015749 0.999861 0.005448 83.656479 -0.001976 -0.005479 0.999983 2.556983 0.000000 0.000000 0.000000 1.000000
0.999879 0.015455 0.001487 0.178682 -0.015464 0.999864 0.005647 83.684998 -0.001399 -0.005669 0.999983 2.630717 0.000000 0.000000 0.000000 1.000000
0.999882 0.015366 0.000867 0.202338 -0.015370 0.999865 0.005805 83.710587 -0.000778 -0.005818 0.999983 2.699721 0.000000 0.000000 0.000000 1.000000
0.999880 0.015457 0.000509 0.225881 -0.015460 0.999863 0.005852 83.735176 -0.000419 -0.005859 0.999983 2.762984 0.000000 0.000000 0.000000 1.000000
0.999877 0.015652 0.000573 0.248558 -0.015655 0.999860 0.005846 83.760948 -0.000481 -0.005854 0.999983 2.820506 0.000000 0.000000 0.000000 1.000000
0.999874 0.015861 0.000889 0.270339 -0.015866 0.999857 0.005798 83.788643 -0.000797 -0.005811 0.999983 2.872339 0.000000 0.000000 0.000000 1.000000
0.999870 0.016092 0.001228 0.292005 -0.016099 0.999854 0.005722 83.817924 -0.001136 -0.005741 0.999983 2.918521 0.000000 0.000000 0.000000 1.000000
0.999865 0.016372 0.001581 0.314385 -0.016381 0.999850 0.005550 83.846611 -0.001490 -0.005575 0.999983 2.957685 0.000000 0.000000 0.000000 1.000000
0.999859 0.016672 0.002030 0.336922 -0.016683 0.999847 0.005267 83.871979 -0.001942 -0.005300 0.999984 2.988028 0.000000 0.000000 0.000000 1.000000
0.999856 0.016767 0.002551 0.358263 -0.016779 0.999847 0.004974 83.892639 -0.002468 -0.005016 0.999984 3.009371 0.000000 0.000000 0.000000 1.000000
0.999855 0.016740 0.003072 0.379002 -0.016755 0.999848 0.004745 83.910606 -0.002992 -0.004796 0.999984 3.023518 0.000000 0.000000 0.000000 1.000000
0.999854 0.016721 0.003540 0.400364 -0.016737 0.999850 0.004563 83.929764 -0.003463 -0.004622 0.999983 3.032992 0.000000 0.000000 0.000000 1.000000
0.999853 0.016701 0.003880 0.422223 -0.016718 0.999851 0.004389 83.952232 -0.003806 -0.004453 0.999983 3.040390 0.000000 0.000000 0.000000 1.000000
0.999853 0.016678 0.003996 0.443181 -0.016695 0.999852 0.004219 83.977707 -0.003925 -0.004285 0.999983 3.047857 0.000000 0.000000 0.000000 1.000000
0.999853 0.016676 0.003879 0.462315 -0.016692 0.999852 0.004065 84.004776 -0.003811 -0.004129 0.999984 3.056218 0.000000 0.000000 0.000000 1.000000
0.999854 0.016717 0.003550 0.478891 -0.016731 0.999852 0.003929 84.032845 -0.003484 -0.003988 0.999986 3.065064 0.000000 0.000000 0.000000 1.000000
0.999853 0.016853 0.003101 0.491612 -0.016865 0.999851 0.003810 84.061684 -0.003036 -0.003862 0.999988 3.073695 0.000000 0.000000 0.000000 1.000000
0.999849 0.017170 0.002598 0.499252 -0.017180 0.999846 0.003705 84.089874 -0.002534 -0.003749 0.999990 3.082028 0.000000 0.000000 0.000000 1.000000
0.999843 0.017604 0.002124 0.501419 -0.017612 0.999838 0.003656 84.115059 -0.002059 -0.003693 0.999991 3.090669 0.000000 0.000000 0.000000 1.000000
0.999835 0.018065 0.001786 0.498857 -0.018071 0.999830 0.003644 84.136276 -0.001720 -0.003676 0.999992 3.098985 0.000000 0.000000 0.000000 1.000000
0.999828 0.018478 0.001617 0.492604 -0.018484 0.999823 0.003643 84.154732 -0.001550 -0.003672 0.999992 3.105443 0.000000 0.000000 0.000000 1.000000
0.999821 0.018834 0.001559 0.483533 -0.018840 0.999816 0.003635 84.171806 -0.001490 -0.003664 0.999992 3.109082 0.000000 0.000000 0.000000 1.000000
0.999815 0.019166 0.001560 0.472659 -0.019172 0.999810 0.003601 84.187683 -0.001491 -0.003631 0.999992 3.109795 0.000000 0.000000 0.000000 1.000000
0.999809 0.019487 0.001692 0.460953 -0.019493 0.999804 0.003507 84.202057 -0.001623 -0.003540 0.999992 3.107492 0.000000 0.000000 0.000000 1.000000
0.999803 0.019768 0.001984 0.448919 -0.019775 0.999799 0.003334 84.214256 -0.001918 -0.003372 0.999992 3.102009 0.000000 0.000000 0.000000 1.000000
0.999797 0.019982 0.002394 0.436845 -0.019989 0.999795 0.003135 84.223701 -0.002331 -0.003182 0.999992 3.092263 0.000000 0.000000 0.000000 1.000000
0.999794 0.020117 0.002842 0.425434 -0.020125 0.999793 0.002975 84.229141 -0.002782 -0.003031 0.999992 3.076917 0.000000 0.000000 0.000000 1.000000
0.999791 0.020176 0.003272 0.415752 -0.020186 0.999792 0.002901 84.229782 -0.003213 -0.002966 0.999990 3.055861 0.000000 0.000000 0.000000 1.000000
0.999789 0.020204 0.003671 0.408361 -0.020214 0.999792 0.002855 84.225990 -0.003612 -0.002929 0.999989 3.030369 0.000000 0.000000 0.000000 1.000000
0.999788 0.020207 0.004012 0.402630 -0.020219 0.999792 0.002834 84.219856 -0.003954 -0.002915 0.999988 3.001608 0.000000 0.000000 0.000000 1.000000
0.999788 0.020167 0.004254 0.397509 -0.020180 0.999792 0.002838 84.214157 -0.004196 -0.002924 0.999987 2.971827 0.000000 0.000000 0.000000 1.000000
0.999790 0.020031 0.004422 0.392507 -0.020043 0.999795 0.002864 84.211563 -0.004364 -0.002952 0.999986 2.943669 0.000000 0.000000 0.000000 1.000000
0.999792 0.019895 0.004591 0.387771 -0.019909 0.999798 0.002906 84.212540 -0.004533 -0.002997 0.999985 2.916787 0.000000 0.000000 0.000000 1.000000
0.999790 0.019921 0.004802 0.383160 -0.019935 0.999797 0.002963 84.214020 -0.004742 -0.003058 0.999984 2.886382 0.000000 0.000000 0.000000 1.000000
0.999783 0.020213 0.005069 0.377555 -0.020229 0.999791 0.003089 84.211418 -0.005005 -0.003191 0.999982 2.847054 0.000000 0.000000 0.000000 1.000000
0.999772 0.020676 0.005396 0.370144 -0.020694 0.999780 0.003291 84.201736 -0.005327 -0.003402 0.999980 2.796808 0.000000 0.000000 0.000000 1.000000
0.999759 0.021171 0.005768 0.361086 -0.021191 0.999769 0.003480 84.183365 -0.005693 -0.003601 0.999977 2.737179 0.000000 0.000000 0.000000 1.000000
0.999747 0.021636 0.006153 0.351103 -0.021659 0.999759 0.003644 84.155342 -0.006072 -0.003776 0.999974 2.671340 0.000000 0.000000 0.000000 1.000000
0.999736 0.022018 0.006532 0.341056 -0.022044 0.999749 0.003886 84.117798 -0.006445 -0.004029 0.999971 2.602038 0.000000 0.000000 0.000000 1.000000
0.999729 0.022201 0.006977 0.331897 -0.022231 0.999744 0.004296 84.072662 -0.006880 -0.004450 0.999966 2.530704 0.000000 0.000000 0.000000 1.000000
0.999724 0.022220 0.007588 0.324174 -0.022257 0.999741 0.004830 84.023087 -0.007479 -0.004998 0.999960 2.458666 0.000000 0.000000 0.000000 1.000000
0.999719 0.022206 0.008313 0.318240 -0.022251 0.999738 0.005369 83.971298 -0.008192 -0.005552 0.999951 2.388204 0.000000 0.000000 0.000000 1.000000
0.999714 0.022181 0.008992 0.314633 -0.022235 0.999736 0.005865 83.917511 -0.008860 -0.006063 0.999942 2.321041 0.000000 0.000000 0.000000 1.000000
0.999709 0.022159 0.009543 0.313881 -0.022220 0.999733 0.006374 83.861015 -0.009399 -0.006584 0.999934 2.256227 0.000000 0.000000 0.000000 1.000000
0.999705 0.022151 0.009942 0.316188 -0.022220 0.999729 0.006963 83.802277 -0.009785 -0.007182 0.999926 2.191020 0.000000 0.000000 0.000000 1.000000
0.999703 0.022172 0.010120 0.321388 -0.022250 0.999723 0.007637 83.744003 -0.009948 -0.007860 0.999920 2.124195 0.000000 0.000000 0.000000 1.000000
0.999703 0.022247 0.009947 0.328852 -0.022330 0.999716 0.008317 83.689255 -0.009759 -0.008536 0.999916 2.057582 0.000000 0.000000 0.000000 1.000000
0.999704 0.022465 0.009331 0.337162 -0.022548 0.999706 0.008865 83.639465 -0.009129 -0.009073 0.999917 1.993556 0.000000 0.000000 0.000000 1.000000
0.999702 0.022905 0.008405 0.344477 -0.022983 0.999693 0.009220 83.593338 -0.008192 -0.009410 0.999922 1.931664 0.000000 0.000000 0.000000 1.000000
0.999697 0.023464 0.007462 0.349378 -0.023534 0.999678 0.009458 83.549751 -0.007237 -0.009631 0.999927 1.869038 0.000000 0.000000 0.000000 1.000000
0.999690 0.023979 0.006644 0.351798 -0.024043 0.999664 0.009697 83.509583 -0.006409 -0.009854 0.999931 1.803948 0.000000 0.000000 0.000000 1.000000
0.999686 0.024379 0.005877 0.353457 -0.024437 0.999651 0.010003 83.474556 -0.005631 -0.010144 0.999933 1.737630 0.000000 0.000000 0.000000 1.000000
0.999682 0.024719 0.005073 0.356366 -0.024771 0.999639 0.010394 83.444046 -0.004814 -0.010516 0.999933 1.672467 0.000000 0.000000 0.000000 1.000000
0.999676 0.025090 0.004235 0.360805 -0.025134 0.999625 0.010839 83.416962 -0.003961 -0.010942 0.999932 1.609154 0.000000 0.000000 0.000000 1.000000
0.999669 0.025482 0.003412 0.366506 -0.025519 0.999611 0.011253 83.393173 -0.003124 -0.011337 0.999931 1.546179 0.000000 0.000000 0.000000 1.000000
0.999665 0.025752 0.002648 0.373654 -0.025781 0.999601 0.011560 83.372864 -0.002349 -0.011624 0.999930 1.481968 0.000000 0.000000 0.000000 1.000000
0.999665 0.025812 0.001971 0.382451 -0.025833 0.999597 0.011767 83.355255 -0.001666 -0.011814 0.999929 1.416776 0.000000 0.000000 0.000000 1.000000
0.999667 0.025780 0.001428 0.392226 -0.025795 0.999596 0.011917 83.338730 -0.001120 -0.011950 0.999928 1.352030 0.000000 0.000000 0.000000 1.000000
0.999671 0.025638 0.001090 0.400883 -0.025649 0.999599 0.012030 83.321915 -0.000782 -0.012054 0.999927 1.288626 0.000000 0.000000 0.000000 1.000000
0.999677 0.025401 0.000957 0.406249 -0.025411 0.999604 0.012113 83.303970 -0.000649 -0.012133 0.999926 1.226910 0.000000 0.000000 0.000000 1.000000
0.999683 0.025158 0.000905 0.407227 -0.025167 0.999609 0.012173 83.285645 -0.000599 -0.012192 0.999925 1.167520 0.000000 0.000000 0.000000 1.000000
0.999687 0.025004 0.000855 0.403896 -0.025013 0.999612 0.012225 83.267960 -0.000549 -0.012243 0.999925 1.110912 0.000000 0.000000 0.000000 1.000000
0.999689 0.024939 0.000787 0.396472 -0.024946 0.999614 0.012223 83.252792 -0.000481 -0.012239 0.999925 1.056634 0.000000 0.000000 0.000000 1.000000
0.999690 0.024892 0.000634 0.385497 -0.024898 0.999617 0.012063 83.241257 -0.000334 -0.012075 0.999927 1.003577 0.000000 0.000000 0.000000 1.000000
0.999693 0.024759 0.000343 0.371490 -0.024761 0.999625 0.011700 83.234100 -0.000053 -0.011705 0.999931 0.951706 0.000000 0.000000 0.000000 1.000000
0.999700 0.024501 -0.000055 0.354339 -0.024499 0.999637 0.011233 83.231133 0.000331 -0.011228 0.999937 0.902122 0.000000 0.000000 0.000000 1.000000
0.999708 0.024160 -0.000447 0.333778 -0.024154 0.999650 0.010754 83.230553 0.000707 -0.010740 0.999942 0.855617 0.000000 0.000000 0.000000 1.000000
0.999716 0.023835 -0.000699 0.310280 -0.023827 0.999663 0.010260 83.229111 0.000943 -0.010241 0.999947 0.812077 0.000000 0.000000 0.000000 1.000000
0.999721 0.023590 -0.000766 0.284883 -0.023582 0.999674 0.009744 83.223740 0.000995 -0.009723 0.999952 0.771850 0.000000 0.000000 0.000000 1.000000
0.999727 0.023351 -0.000767 0.259013 -0.023343 0.999684 0.009299 83.213242 0.000984 -0.009278 0.999956 0.736131 0.000000 0.000000 0.000000 1.000000
0.999736 0.022957 -0.000717 0.233895 -0.022950 0.999695 0.009072 83.198692 0.000925 -0.009053 0.999959 0.705667 0.000000 0.000000 0.000000 1.000000
0.999750 0.022360 -0.000620 0.210180 -0.022354 0.999709 0.009102 83.181320 0.000823 -0.009086 0.999958 0.680551 0.000000 0.000000 0.000000 1.000000
0.999765 0.021683 -0.000413 0.188613 -0.021678 0.999722 0.009291 83.161369 0.000614 -0.009280 0.999957 0.661073 0.000000 0.000000 0.000000 1.000000
0.999778 0.021064 -0.000129 0.170144 -0.021061 0.999733 0.009501 83.138962 0.000330 -0.009496 0.999955 0.647510 0.000000 0.000000 0.000000 1.000000
0.999789 0.020542 0.000178 0.155189 -0.020543 0.999742 0.009689 83.115440 0.000021 -0.009690 0.999953 0.639676 0.000000 0.000000 0.000000 1.000000
0.999798 0.020090 0.000414 0.142878 -0.020093 0.999749 0.009881 83.092751 -0.000215 -0.009887 0.999951 0.637079 0.000000 0.000000 0.000000 1.000000
0.999806 0.019701 0.000542 0.131683 -0.019706 0.999755 0.010073 83.072617 -0.000344 -0.010082 0.999949 0.638692 0.000000 0.000000 0.000000 1.000000
0.999812 0.019397 0.000622 0.120469 -0.019403 0.999760 0.010170 83.056717 -0.000424 -0.010180 0.999948 0.642939 0.000000 0.000000 0.000000 1.000000
0.999816 0.019172 0.000709 0.109150 -0.019178 0.999764 0.010169 83.045662 -0.000513 -0.010180 0.999948 0.648580 0.000000 0.000000 0.000000 1.000000
0.999818 0.019051 0.000793 0.098018 -0.019058 0.999767 0.010114 83.039696 -0.000600 -0.010128 0.999949 0.654877 0.000000 0.000000 0.000000 1.000000
0.999819 0.019017 0.000826 0.087091 -0.019024 0.999769 0.009985 83.038391 -0.000636 -0.009999 0.999950 0.660961 0.000000 0.000000 0.000000 1.000000
0.999818 0.019046 0.000832 0.076421 -0.019053 0.999771 0.009790 83.040199 -0.000646 -0.009804 0.999952 0.666156 0.000000 0.000000 0.000000 1.000000
0.999816 0.019178 0.000827 0.066409 -0.019185 0.999770 0.009567 83.042938 -0.000643 -0.009581 0.999954 0.669859 0.000000 0.000000 0.000000 1.000000
0.999812 0.019377 0.000823 0.057616 -0.019383 0.999769 0.009325 83.045357 -0.000642 -0.009340 0.999956 0.671993 0.000000 0.000000 0.000000 1.000000
0.999808 0.019566 0.000835 0.050446 -0.019573 0.999767 0.009078 83.047104 -0.000657 -0.009092 0.999958 0.673526 0.000000 0.000000 0.000000 1.000000
0.999805 0.019732 0.000875 0.045010 -0.019739 0.999766 0.008829 83.048508 -0.000700 -0.008845 0.999961 0.675723 0.000000 0.000000 0.000000 1.000000
0.999803 0.019836 0.000984 0.041373 -0.019844 0.999766 0.008577 83.049652 -0.000814 -0.008595 0.999963 0.678790 0.000000 0.000000 0.000000 1.000000
0.999802 0.019881 0.001173 0.039762 -0.019890 0.999768 0.008312 83.050652 -0.001007 -0.008334 0.999965 0.682191 0.000000 0.000000 0.000000 1.000000
0.999801 0.019901 0.001409 0.040595 -0.019912 0.999770 0.008023 83.050964 -0.001249 -0.008049 0.999967 0.685655 0.000000 0.000000 0.000000 1.000000
0.999801 0.019900 0.001654 0.044091 -0.019912 0.999772 0.007691 83.050522 -0.001501 -0.007722 0.999969 0.689513 0.000000 0.000000 0.000000 1.000000
0.999801 0.019880 0.001870 0.050218 -0.019893 0.999775 0.007303 83.049805 -0.001724 -0.007339 0.999972 0.694253 0.000000 0.000000 0.000000 1.000000
0.999801 0.019845 0.002036 0.058658 -0.019859 0.999779 0.006890 83.049187 -0.001899 -0.006929 0.999974 0.700085 0.000000 0.000000 0.000000 1.000000
0.999802 0.019795 0.002024 0.068909 -0.019808 0.999783 0.006471 83.048447 -0.001896 -0.006510 0.999977 0.707415 0.000000 0.000000 0.000000 1.000000
0.999804 0.019694 0.001810 0.071902 -0.019705 0.999788 0.006054 83.045151 -0.001690 -0.006089 0.999980 0.721212 0.000000 0.000000 0.000000 1.000000
0.999808 0.019559 0.001512 0.063013 -0.019567 0.999793 0.005645 83.037727 -0.001401 -0.005673 0.999983 0.744078 0.000000 0.000000 0.000000 1.000000
0.999811 0.019424 0.001157 0.046566 -0.019430 0.999797 0.005249 83.027267 -0.001055 -0.005270 0.999986 0.772027 0.000000 0.000000 0.000000 1.000000
0.999814 0.019288 0.000770 0.026741 -0.019292 0.999802 0.004874 83.014839 -0.000676 -0.004888 0.999988 0.801092 0.000000 0.000000 0.000000 1.000000
0.999817 0.019152 0.000379 0.007714 -0.019154 0.999806 0.004579 83.001297 -0.000292 -0.004585 0.999989 0.826905 0.000000 0.000000 0.000000 1.000000
0.999817 0.019147 0.000010 -0.005974 -0.019146 0.999807 0.004404 82.985435 0.000075 -0.004403 0.999990 0.845221 0.000000 0.000000 0.000000 1.000000</float_array><technique_common><accessor source="#Hips-Matrix-animation-output-transform-array" count="122" stride="16"><param type="float4x4"/></accessor></technique_common></source><source id="Hips-Interpolations"><Name_array id="Hips-Interpolations-array" count="122">
 LINEAR LINEAR LINEAR LINEAR LINEAR LINEAR LINEAR LINEAR LINEAR LINEAR LINEAR
LINEAR LINEAR LINEAR LINEAR LINEAR LINEAR LINEAR LINEAR LINEAR LINEAR LINEAR LINEAR
LINEAR LINEAR LINEAR LINEAR LINEAR LINEAR LINEAR LINEAR LINEAR LINEAR LINEAR LINEAR
LINEAR LINEAR LINEAR LINEAR LINEAR LINEAR LINEAR LINEAR LINEAR LINEAR LINEAR LINEAR
LINEAR LINEAR LINEAR LINEAR LINEAR LINEAR LINEAR LINEAR LINEAR LINEAR LINEAR LINEAR
LINEAR LINEAR LINEAR LINEAR LINEAR LINEAR LINEAR LINEAR LINEAR LINEAR LINEAR LINEAR
LINEAR LINEAR LINEAR LINEAR LINEAR LINEAR LINEAR LINEAR LINEAR LINEAR LINEAR LINEAR
LINEAR LINEAR LINEAR LINEAR LINEAR LINEAR LINEAR LINEAR LINEAR LINEAR LINEAR LINEAR
LINEAR LINEAR LINEAR LINEAR LINEAR LINEAR LINEAR LINEAR LINEAR LINEAR LINEAR LINEAR
LINEAR LINEAR LINEAR LINEAR LINEAR LINEAR LINEAR LINEAR LINEAR LINEAR LINEAR LINEAR
LINEAR LINEAR LINEAR</Name_array><technique_common><accessor source="#Hips-Interpolations-array" count="122"><param type="name"/></accessor></technique_common></source><sampler id="Hips-Matrix-animation-transform"><input semantic="INPUT" source="#Hips-Matrix-animation-input"/><input semantic="OUTPUT" source="#Hips-Matrix-animation-output-transform"/><input semantic="INTERPOLATION" source="#Hips-Interpolations"/></sampler><channel source="#Hips-Matrix-animation-transform" target="Hips/matrix"/></animation>
    <animation id="Spine-anim" name="Spine"><source id="Spine-Matrix-animation-input"><float_array id="Spine-Matrix-animation-input-array" count="122">

0.000000 0.033333 0.066667 0.100000 0.133333 0.166667 0.200000 0.233333 0.266667 0.300000 0.333333 0.366667 0.400000 0.433333 0.466667 0.500000
0.533333 0.566667 0.600000 0.633333 0.666667 0.700000 0.733333 0.766667 0.800000 0.833333 0.866667 0.900000 0.933333 0.966667 1.000000 1.033333
1.066667 1.100000 1.133333 1.166667 1.200000 1.233333 1.266667 1.300000 1.333333 1.366667 1.400000 1.433333 1.466667 1.500000 1.533333 1.566667
1.600000 1.633333 1.666667 1.700000 1.733333 1.766667 1.800000 1.833333 1.866667 1.900000 1.933333 1.966667 2.000000 2.033333 2.066667 2.100000
2.133333 2.166667 2.200000 2.233333 2.266667 2.300000 2.333333 2.366667 2.400000 2.433333 2.466667 2.500000 2.533333 2.566667 2.600000 2.633333
2.666667 2.700000 2.733333 2.766667 2.800000 2.833333 2.866667 2.900000 2.933333 2.966667 3.000000 3.033333 3.066667 3.100000 3.133333 3.166667
3.200000 3.233333 3.266667 3.300000 3.333333 3.366667 3.400000 3.433333 3.466667 3.500000 3.533333 3.566667 3.600000 3.633333 3.666667 3.700000
3.733333 3.766667 3.800000 3.833333 3.866667 3.900000 3.933333 3.966667 4.000000 4.033333</float_array><technique_common><accessor source="#Spine-Matrix-animation-input-array" count="122"><param name="TIME" type="float"/></accessor></technique_common></source><source id="Spine-Matrix-animation-output-transform"><float_array id="Spine-Matrix-animation-output-transform-array" count="1952">

0.999967 -0.006765 0.004514 0.000000 0.007772 0.958358 -0.285463 13.663900 -0.002395 0.285488 0.958379 -1.184000 0.000000 0.000000 0.000000 1.000000
0.999967 -0.006745 0.004514 -0.000000 0.007753 0.958358 -0.285466 13.663900 -0.002400 0.285492 0.958378 -1.184000 0.000000 0.000000 0.000000 1.000000
0.999967 -0.006725 0.004512 0.000000 0.007734 0.958357 -0.285469 13.663900 -0.002404 0.285494 0.958377 -1.184000 0.000000 0.000000 0.000000 1.000000
0.999967 -0.006707 0.004510 -0.000000 0.007715 0.958356 -0.285472 13.663900 -0.002408 0.285497 0.958376 -1.184000 0.000000 0.000000 0.000000 1.000000
0.999967 -0.006701 0.004512 0.000000 0.007710 0.958355 -0.285475 13.663900 -0.002411 0.285500 0.958376 -1.184000 0.000000 0.000000 0.000000 1.000000
0.999967 -0.006698 0.004514 0.000000 0.007708 0.958414 -0.285277 13.663900 -0.002415 0.285302 0.958435 -1.184000 0.000000 0.000000 0.000000 1.000000
0.999967 -0.006690 0.004514 0.000000 0.007699 0.958481 -0.285053 13.663900 -0.002419 0.285078 0.958501 -1.184000 0.000000 0.000000 0.000000 1.000000
0.999967 -0.006682 0.004514 0.000000 0.007691 0.958546 -0.284835 13.663900 -0.002423 0.284860 0.958566 -1.184000 0.000000 0.000000 0.000000 1.000000
0.999967 -0.006688 0.004518 0.000000 0.007697 0.958610 -0.284619 13.663900 -0.002427 0.284645 0.958630 -1.184000 0.000000 0.000000 0.000000 1.000000
0.999967 -0.006700 0.004524 0.000000 0.007710 0.958674 -0.284402 13.663900 -0.002431 0.284428 0.958694 -1.184000 0.000000 0.000000 0.000000 1.000000
0.999967 -0.006714 0.004531 -0.000000 0.007725 0.958739 -0.284182 13.663900 -0.002436 0.284207 0.958760 -1.184000 0.000000 0.000000 0.000000 1.000000
0.999967 -0.006721 0.004536 -0.000000 0.007732 0.958812 -0.283936 13.663900 -0.002441 0.283962 0.958832 -1.184000 0.000000 0.000000 0.000000 1.000000
0.999967 -0.006707 0.004535 0.000000 0.007718 0.958905 -0.283622 13.663900 -0.002447 0.283648 0.958925 -1.184000 0.000000 0.000000 0.000000 1.000000
0.999968 -0.006724 0.004369 0.000000 0.007687 0.959020 -0.283235 13.663900 -0.002285 0.283259 0.959041 -1.184000 0.000000 0.000000 0.000000 1.000000
0.999968 -0.006753 0.004179 0.000000 0.007659 0.959160 -0.282760 13.663900 -0.002098 0.282783 0.959182 -1.184000 0.000000 0.000000 0.000000 1.000000
0.999969 -0.006790 0.004082 0.000000 0.007666 0.959329 -0.282185 13.663900 -0.002000 0.282208 0.959351 -1.184000 0.000000 0.000000 0.000000 1.000000
0.999968 -0.006863 0.004038 0.000000 0.007722 0.959527 -0.281512 13.663900 -0.001943 0.281534 0.959549 -1.184000 0.000000 0.000000 0.000000 1.000000
0.999968 -0.006975 0.004004 0.000000 0.007819 0.959748 -0.280753 13.663900 -0.001885 0.280775 0.959772 -1.184000 0.000000 0.000000 0.000000 1.000000
0.999966 -0.007176 0.003988 0.000000 0.008006 0.959980 -0.279955 13.663900 -0.001820 0.279977 0.960005 -1.184000 0.000000 0.000000 0.000000 1.000000
0.999965 -0.007388 0.003988 0.000000 0.008207 0.960211 -0.279155 13.663900 -0.001767 0.279177 0.960238 -1.184000 0.000000 0.000000 0.000000 1.000000
0.999963 -0.007582 0.003994 0.000000 0.008395 0.960438 -0.278368 13.663900 -0.001726 0.278391 0.960466 -1.184000 0.000000 0.000000 0.000000 1.000000
0.999962 -0.007700 0.003980 0.000000 0.008502 0.960661 -0.277593 13.663900 -0.001686 0.277616 0.960691 -1.184000 0.000000 0.000000 0.000000 1.000000
0.999962 -0.007776 0.003966 0.000000 0.008570 0.960879 -0.276837 13.663900 -0.001659 0.276860 0.960909 -1.184000 0.000000 0.000000 0.000000 1.000000
0.999961 -0.007836 0.003960 0.000000 0.008625 0.961085 -0.276118 13.663900 -0.001642 0.276141 0.961116 -1.184000 0.000000 0.000000 0.000000 1.000000
0.999961 -0.007894 0.003954 0.000000 0.008678 0.961277 -0.275447 13.663900 -0.001627 0.275471 0.961308 -1.184000 0.000000 0.000000 0.000000 1.000000
0.999960 -0.007960 0.003955 0.000000 0.008741 0.961461 -0.274804 13.663900 -0.001615 0.274828 0.961492 -1.184000 0.000000 0.000000 0.000000 1.000000
0.999960 -0.008033 0.003963 0.000000 0.008812 0.961643 -0.274163 13.663900 -0.001608 0.274187 0.961675 -1.184000 0.000000 0.000000 0.000000 1.000000
0.999959 -0.008103 0.003975 0.000000 0.008882 0.961821 -0.273534 13.663900 -0.001606 0.273559 0.961854 -1.184000 0.000000 0.000000 0.000000 1.000000
0.999959 -0.008169 0.003989 0.000000 0.008948 0.961984 -0.272958 13.663900 -0.001608 0.272982 0.962018 -1.184000 0.000000 0.000000 0.000000 1.000000
0.999958 -0.008232 0.004005 0.000000 0.009012 0.962130 -0.272443 13.663900 -0.001611 0.272467 0.962164 -1.184000 0.000000 0.000000 0.000000 1.000000
0.999958 -0.008290 0.004022 0.000000 0.009071 0.962266 -0.271959 13.663900 -0.001616 0.271984 0.962301 -1.184000 0.000000 0.000000 0.000000 1.000000
0.999957 -0.008340 0.004040 0.000000 0.009124 0.962399 -0.271488 13.663900 -0.001624 0.271513 0.962433 -1.184000 0.000000 0.000000 0.000000 1.000000
0.999957 -0.008376 0.004054 0.000000 0.009161 0.962520 -0.271056 13.663900 -0.001632 0.271081 0.962555 -1.184000 0.000000 0.000000 0.000000 1.000000
0.999956 -0.008398 0.004065 -0.000000 0.009185 0.962622 -0.270693 13.663900 -0.001640 0.270719 0.962657 -1.184000 0.000000 0.000000 0.000000 1.000000
0.999956 -0.008416 0.004077 0.000000 0.009205 0.962708 -0.270387 13.663900 -0.001649 0.270413 0.962743 -1.184000 0.000000 0.000000 0.000000 1.000000
0.999956 -0.008437 0.004090 0.000000 0.009228 0.962790 -0.270095 13.663900 -0.001659 0.270120 0.962825 -1.184000 0.000000 0.000000 0.000000 1.000000
0.999956 -0.008460 0.004103 0.000000 0.009253 0.962875 -0.269789 13.663900 -0.001669 0.269815 0.962911 -1.184000 0.000000 0.000000 0.000000 1.000000
0.999956 -0.008484 0.004117 0.000000 0.009280 0.962961 -0.269480 13.663900 -0.001678 0.269506 0.962997 -1.184000 0.000000 0.000000 0.000000 1.000000
0.999955 -0.008510 0.004131 -0.000000 0.009308 0.963046 -0.269176 13.663900 -0.001688 0.269202 0.963082 -1.184000 0.000000 0.000000 0.000000 1.000000
0.999955 -0.008539 0.004147 -0.000000 0.009339 0.963131 -0.268872 13.663900 -0.001698 0.268899 0.963167 -1.184000 0.000000 0.000000 0.000000 1.000000
0.999955 -0.008570 0.004163 0.000000 0.009373 0.963218 -0.268559 13.663900 -0.001709 0.268586 0.963254 -1.184000 0.000000 0.000000 0.000000 1.000000
0.999954 -0.008601 0.004181 -0.000000 0.009407 0.963305 -0.268242 13.663900 -0.001720 0.268270 0.963342 -1.184000 0.000000 0.000000 0.000000 1.000000
0.999954 -0.008624 0.004197 0.000000 0.009433 0.963389 -0.267941 13.663900 -0.001733 0.267968 0.963426 -1.184000 0.000000 0.000000 0.000000 1.000000
0.999954 -0.008633 0.004210 0.000000 0.009445 0.963464 -0.267671 13.663900 -0.001745 0.267699 0.963501 -1.184000 0.000000 0.000000 0.000000 1.000000
0.999954 -0.008617 0.004216 0.000000 0.009431 0.963530 -0.267434 13.663900 -0.001758 0.267462 0.963567 -1.184000 0.000000 0.000000 0.000000 1.000000
0.999954 -0.008592 0.004220 -0.000000 0.009407 0.963587 -0.267228 13.663900 -0.001771 0.267255 0.963624 -1.184000 0.000000 0.000000 0.000000 1.000000
0.999954 -0.008561 0.004223 0.000000 0.009378 0.963636 -0.267053 13.663900 -0.001784 0.267081 0.963673 -1.184000 0.000000 0.000000 0.000000 1.000000
0.999955 -0.008523 0.004225 0.000000 0.009342 0.963676 -0.266910 13.663900 -0.001797 0.266938 0.963712 -1.184000 0.000000 0.000000 0.000000 1.000000
0.999955 -0.008480 0.004226 0.000000 0.009300 0.963695 -0.266844 13.663900 -0.001809 0.266871 0.963731 -1.184000 0.000000 0.000000 0.000000 1.000000
0.999956 -0.008432 0.004224 -0.000000 0.009253 0.963703 -0.266818 13.663900 -0.001821 0.266845 0.963738 -1.184000 0.000000 0.000000 0.000000 1.000000
0.999956 -0.008384 0.004221 -0.000000 0.009206 0.963704 -0.266813 13.663900 -0.001831 0.266840 0.963739 -1.184000 0.000000 0.000000 0.000000 1.000000
0.999956 -0.008337 0.004220 0.000000 0.009161 0.963702 -0.266824 13.663900 -0.001842 0.266851 0.963736 -1.184000 0.000000 0.000000 0.000000 1.000000
0.999957 -0.008289 0.004223 0.000000 0.009116 0.963697 -0.266843 13.663900 -0.001858 0.266870 0.963731 -1.184000 0.000000 0.000000 0.000000 1.000000
0.999957 -0.008236 0.004225 0.000000 0.009065 0.963692 -0.266863 13.663900 -0.001874 0.266890 0.963725 -1.184000 0.000000 0.000000 0.000000 1.000000
0.999958 -0.008182 0.004226 0.000000 0.009013 0.963682 -0.266899 13.663900 -0.001889 0.266926 0.963715 -1.184000 0.000000 0.000000 0.000000 1.000000
0.999958 -0.008138 0.004230 0.000000 0.008972 0.963669 -0.266948 13.663900 -0.001904 0.266975 0.963702 -1.184000 0.000000 0.000000 0.000000 1.000000
0.999958 -0.008108 0.004240 0.000000 0.008945 0.963652 -0.267012 13.663900 -0.001921 0.267039 0.963684 -1.184000 0.000000 0.000000 0.000000 1.000000
0.999958 -0.008095 0.004257 -0.000000 0.008938 0.963621 -0.267122 13.663900 -0.001939 0.267148 0.963653 -1.184000 0.000000 0.000000 0.000000 1.000000
0.999958 -0.008093 0.004279 -0.000000 0.008943 0.963567 -0.267317 13.663900 -0.001960 0.267344 0.963599 -1.184000 0.000000 0.000000 0.000000 1.000000
0.999958 -0.008093 0.004303 0.000000 0.008950 0.963497 -0.267571 13.663900 -0.001981 0.267598 0.963528 -1.184000 0.000000 0.000000 0.000000 1.000000
0.999958 -0.008093 0.004329 0.000000 0.008957 0.963415 -0.267864 13.663900 -0.002002 0.267892 0.963447 -1.184000 0.000000 0.000000 0.000000 1.000000
0.999958 -0.008090 0.004353 0.000000 0.008961 0.963322 -0.268197 13.663900 -0.002024 0.268225 0.963354 -1.184000 0.000000 0.000000 0.000000 1.000000
0.999958 -0.008076 0.004375 0.000000 0.008954 0.963215 -0.268581 13.663900 -0.002045 0.268609 0.963247 -1.184000 0.000000 0.000000 0.000000 1.000000
0.999958 -0.008051 0.004394 0.000000 0.008936 0.963099 -0.269001 13.663900 -0.002066 0.269028 0.963130 -1.184000 0.000000 0.000000 0.000000 1.000000
0.999958 -0.008025 0.004415 0.000000 0.008918 0.962980 -0.269425 13.663900 -0.002089 0.269453 0.963011 -1.184000 0.000000 0.000000 0.000000 1.000000
0.999958 -0.008002 0.004438 -0.000000 0.008903 0.962862 -0.269848 13.663900 -0.002114 0.269876 0.962893 -1.184000 0.000000 0.000000 0.000000 1.000000
0.999958 -0.007982 0.004463 0.000000 0.008892 0.962736 -0.270298 13.663900 -0.002139 0.270326 0.962766 -1.184000 0.000000 0.000000 0.000000 1.000000
0.999958 -0.007966 0.004492 0.000000 0.008885 0.962596 -0.270796 13.663900 -0.002166 0.270825 0.962626 -1.184000 0.000000 0.000000 0.000000 1.000000
0.999958 -0.007954 0.004522 0.000000 0.008883 0.962444 -0.271334 13.663900 -0.002194 0.271363 0.962475 -1.184000 0.000000 0.000000 0.000000 1.000000
0.999958 -0.007954 0.004555 0.000000 0.008893 0.962289 -0.271882 13.663900 -0.002221 0.271911 0.962320 -1.184000 0.000000 0.000000 0.000000 1.000000
0.999958 -0.007971 0.004592 0.000000 0.008921 0.962140 -0.272410 13.663900 -0.002247 0.272440 0.962170 -1.184000 0.000000 0.000000 0.000000 1.000000
0.999957 -0.008007 0.004629 0.000000 0.008966 0.961997 -0.272914 13.663900 -0.002268 0.272944 0.962027 -1.184000 0.000000 0.000000 0.000000 1.000000
0.999957 -0.008052 0.004650 0.000000 0.009017 0.961854 -0.273413 13.663900 -0.002271 0.273443 0.961885 -1.184000 0.000000 0.000000 0.000000 1.000000
0.999956 -0.008089 0.004669 -0.000000 0.009059 0.961710 -0.273920 13.663900 -0.002275 0.273951 0.961741 -1.184000 0.000000 0.000000 0.000000 1.000000
0.999956 -0.008115 0.004684 0.000000 0.009089 0.961565 -0.274427 13.663900 -0.002277 0.274458 0.961597 -1.184000 0.000000 0.000000 0.000000 1.000000
0.999956 -0.008137 0.004697 0.000000 0.009115 0.961423 -0.274923 13.663900 -0.002279 0.274953 0.961455 -1.184000 0.000000 0.000000 0.000000 1.000000
0.999956 -0.008162 0.004712 0.000000 0.009144 0.961284 -0.275408 13.663900 -0.002281 0.275439 0.961316 -1.184000 0.000000 0.000000 0.000000 1.000000
0.999955 -0.008190 0.004727 -0.000000 0.009176 0.961146 -0.275887 13.663900 -0.002284 0.275918 0.961179 -1.184000 0.000000 0.000000 0.000000 1.000000
0.999955 -0.008210 0.004741 0.000000 0.009200 0.961012 -0.276352 13.663900 -0.002287 0.276384 0.961045 -1.184000 0.000000 0.000000 0.000000 1.000000
0.999955 -0.008215 0.004749 0.000000 0.009209 0.960882 -0.276804 13.663900 -0.002289 0.276835 0.960915 -1.184000 0.000000 0.000000 0.000000 1.000000
0.999955 -0.008205 0.004753 -0.000000 0.009202 0.960754 -0.277249 13.663900 -0.002292 0.277280 0.960786 -1.184000 0.000000 0.000000 0.000000 1.000000
0.999955 -0.008182 0.004753 0.000000 0.009181 0.960624 -0.277701 13.663900 -0.002294 0.277732 0.960656 -1.184000 0.000000 0.000000 0.000000 1.000000
0.999956 -0.008148 0.004751 0.000000 0.009148 0.960489 -0.278169 13.663900 -0.002296 0.278200 0.960521 -1.184000 0.000000 0.000000 0.000000 1.000000
0.999956 -0.008106 0.004745 -0.000000 0.009107 0.960351 -0.278645 13.663900 -0.002298 0.278676 0.960383 -1.184000 0.000000 0.000000 0.000000 1.000000
0.999956 -0.008067 0.004740 0.000000 0.009069 0.960214 -0.279117 13.663900 -0.002300 0.279147 0.960246 -1.184000 0.000000 0.000000 0.000000 1.000000
0.999957 -0.008030 0.004736 0.000000 0.009034 0.960083 -0.279568 13.663900 -0.002302 0.279598 0.960114 -1.184000 0.000000 0.000000 0.000000 1.000000
0.999957 -0.007995 0.004733 -0.000000 0.009000 0.959963 -0.279982 13.663900 -0.002305 0.280012 0.959994 -1.184000 0.000000 0.000000 0.000000 1.000000
0.999957 -0.007956 0.004726 -0.000000 0.008962 0.959855 -0.280354 13.663900 -0.002306 0.280384 0.959885 -1.184000 0.000000 0.000000 0.000000 1.000000
0.999958 -0.007908 0.004715 0.000000 0.008914 0.959754 -0.280701 13.663900 -0.002305 0.280731 0.959784 -1.184000 0.000000 0.000000 0.000000 1.000000
0.999958 -0.007853 0.004700 0.000000 0.008857 0.959658 -0.281032 13.663900 -0.002304 0.281062 0.959687 -1.184000 0.000000 0.000000 0.000000 1.000000
0.999959 -0.007796 0.004685 -0.000000 0.008799 0.959569 -0.281337 13.663900 -0.002303 0.281367 0.959598 -1.184000 0.000000 0.000000 0.000000 1.000000
0.999959 -0.007738 0.004671 0.000000 0.008740 0.959491 -0.281605 13.663900 -0.002303 0.281634 0.959519 -1.184000 0.000000 0.000000 0.000000 1.000000
0.999960 -0.007676 0.004655 0.000000 0.008677 0.959419 -0.281851 13.663900 -0.002303 0.281880 0.959447 -1.184000 0.000000 0.000000 0.000000 1.000000
0.999960 -0.007605 0.004636 0.000000 0.008604 0.959345 -0.282103 13.663900 -0.002302 0.282132 0.959373 -1.184000 0.000000 0.000000 0.000000 1.000000
0.999961 -0.007522 0.004610 -0.000000 0.008518 0.959268 -0.282370 13.663900 -0.002299 0.282399 0.959294 -1.184000 0.000000 0.000000 0.000000 1.000000
0.999962 -0.007434 0.004583 0.000000 0.008427 0.959192 -0.282631 13.663900 -0.002295 0.282659 0.959218 -1.184000 0.000000 0.000000 0.000000 1.000000
0.999963 -0.007351 0.004559 -0.000000 0.008340 0.959124 -0.282864 13.663900 -0.002294 0.282891 0.959149 -1.184000 0.000000 0.000000 0.000000 1.000000
0.999963 -0.007272 0.004538 0.000000 0.008259 0.959067 -0.283060 13.663900 -0.002294 0.283087 0.959092 -1.184000 0.000000 0.000000 0.000000 1.000000
0.999964 -0.007200 0.004519 0.000000 0.008185 0.959024 -0.283208 13.663900 -0.002294 0.283234 0.959048 -1.184000 0.000000 0.000000 0.000000 1.000000
0.999964 -0.007131 0.004500 0.000000 0.008114 0.958980 -0.283356 13.663900 -0.002295 0.283383 0.959004 -1.184000 0.000000 0.000000 0.000000 1.000000
0.999965 -0.007068 0.004484 0.000000 0.008049 0.958937 -0.283505 13.663900 -0.002296 0.283531 0.958960 -1.184000 0.000000 0.000000 0.000000 1.000000
0.999965 -0.007009 0.004470 0.000000 0.007990 0.958894 -0.283651 13.663900 -0.002298 0.283677 0.958917 -1.184000 0.000000 0.000000 0.000000 1.000000
0.999966 -0.006959 0.004460 0.000000 0.007939 0.958852 -0.283796 13.663900 -0.002301 0.283822 0.958874 -1.184000 0.000000 0.000000 0.000000 1.000000
0.999966 -0.006938 0.004458 0.000000 0.007919 0.958810 -0.283938 13.663900 -0.002305 0.283964 0.958832 -1.184000 0.000000 0.000000 0.000000 1.000000
0.999966 -0.006924 0.004460 0.000000 0.007905 0.958768 -0.284079 13.663900 -0.002309 0.284105 0.958791 -1.184000 0.000000 0.000000 0.000000 1.000000
0.999966 -0.006918 0.004465 0.000000 0.007901 0.958727 -0.284219 13.663900 -0.002314 0.284244 0.958749 -1.184000 0.000000 0.000000 0.000000 1.000000
0.999966 -0.006915 0.004472 0.000000 0.007901 0.958686 -0.284356 13.663900 -0.002320 0.284381 0.958708 -1.184000 0.000000 0.000000 0.000000 1.000000
0.999966 -0.006912 0.004478 0.000000 0.007900 0.958647 -0.284488 13.663900 -0.002326 0.284514 0.958669 -1.184000 0.000000 0.000000 0.000000 1.000000
0.999966 -0.006908 0.004484 0.000000 0.007899 0.958609 -0.284617 13.663900 -0.002332 0.284643 0.958631 -1.184000 0.000000 0.000000 0.000000 1.000000
0.999966 -0.006904 0.004491 0.000000 0.007897 0.958572 -0.284740 13.663900 -0.002339 0.284766 0.958594 -1.184000 0.000000 0.000000 0.000000 1.000000
0.999966 -0.006900 0.004498 0.000000 0.007895 0.958537 -0.284859 13.663900 -0.002346 0.284885 0.958559 -1.184000 0.000000 0.000000 0.000000 1.000000
0.999966 -0.006894 0.004505 -0.000000 0.007892 0.958503 -0.284974 13.663900 -0.002353 0.285000 0.958525 -1.184000 0.000000 0.000000 0.000000 1.000000
