<?xml version="1.0" encoding="utf-8"?>
<COLLADA xmlns="http://www.collada.org/2005/11/COLLADASchema" version="1.4.1">
  <asset><contributor><author>Mixamo</author><authoring_tool>COLLADA Mixamo exporter</authoring_tool><comments></comments></contributor><created>2019-01-15T13:26:14Z</created><modified>2019-01-15T13:26:14Z</modified><revision></revision><title></title><unit meter="0.010000"/><up_axis>Y_UP</up_axis></asset>
  <library_animations>
    <animation id="mixamorig_Hips-anim" name="mixamorig_Hips"><source id="mixamorig_Hips-Matrix-animation-input"><float_array id="mixamorig_Hips-Matrix-animation-input-array" count="121">

0.000000 0.033333 0.066667 0.100000 0.133333 0.166667 0.200000 0.233333 0.266667 0.300000 0.333333 0.366667 0.400000 0.433333 0.466667 0.500000
0.533333 0.566667 0.600000 0.633333 0.666667 0.700000 0.733333 0.766667 0.800000 0.833333 0.866667 0.900000 0.933333 0.966667 1.000000 1.033333
1.066667 1.100000 1.133333 1.166667 1.200000 1.233333 1.266667 1.300000 1.333333 1.366667 1.400000 1.433333 1.466667 1.500000 1.533333 1.566667
1.600000 1.633333 1.666667 1.700000 1.733333 1.766667 1.800000 1.833333 1.866667 1.900000 1.933333 1.966667 2.000000 2.033333 2.066667 2.100000
2.133333 2.166667 2.200000 2.233333 2.266667 2.300000 2.333333 2.366667 2.400000 2.433333 2.466667 2.500000 2.533333 2.566667 2.600000 2.633333
2.666667 2.700000 2.733333 2.766667 2.800000 2.833333 2.866667 2.900000 2.933333 2.966667 3.000000 3.033333 3.066667 3.100000 3.133333 3.166667
3.200000 3.233333 3.266667 3.300000 3.333333 3.366667 3.400000 3.433333 3.466667 3.500000 3.533333 3.566667 3.600000 3.633333 3.666667 3.700000
3.733333 3.766667 3.800000 3.833333 3.866667 3.900000 3.933333 3.966667 4.000000</float_array><technique_common><accessor source="#mixamorig_Hips-Matrix-animation-input-array" count="121"><param name="TIME" type="float"/></accessor></technique_common></source><source id="mixamorig_Hips-Matrix-animation-output-transform"><float_array id="mixamorig_Hips-Matrix-animation-output-transform-array" count="1936">

0.728734 0.051719 -0.682841 -0.409433 0.001858 0.996991 0.077496 90.383430 0.684795 -0.057743 0.726445 0.261129 0.000000 0.000000 0.000000 1.000000
0.727064 0.050822 -0.684686 -0.403606 0.002434 0.997059 0.076594 90.385841 0.686565 -0.057355 0.724803 0.266500 0.000000 0.000000 0.000000 1.000000
0.725500 0.049552 -0.686436 -0.396716 0.003063 0.997162 0.075220 90.389633 0.688215 -0.056675 0.723289 0.267273 0.000000 0.000000 0.000000 1.000000
0.724700 0.048758 -0.687338 -0.390254 0.003313 0.997235 0.074234 90.381012 0.689057 -0.056075 0.722535 0.268803 0.000000 0.000000 0.000000 1.000000
0.724316 0.047931 -0.687800 -0.385636 0.003316 0.997327 0.072993 90.366730 0.689461 -0.055151 0.722221 0.273885 0.000000 0.000000 0.000000 1.000000
0.724292 0.046924 -0.687895 -0.386551 0.003584 0.997412 0.071811 90.360878 0.689485 -0.054477 0.722249 0.275640 0.000000 0.000000 0.000000 1.000000
0.724341 0.045639 -0.687929 -0.382791 0.003891 0.997520 0.070275 90.360542 0.689431 -0.053579 0.722367 0.274773 0.000000 0.000000 0.000000 1.000000
0.724738 0.044048 -0.687615 -0.381530 0.004551 0.997627 0.068705 90.376808 0.689010 -0.052922 0.722817 0.273208 0.000000 0.000000 0.000000 1.000000
0.724769 0.041902 -0.687717 -0.372741 0.005213 0.997787 0.066287 90.375969 0.688972 -0.051628 0.722946 0.283664 0.000000 0.000000 0.000000 1.000000
0.724300 0.039234 -0.688368 -0.383237 0.006994 0.997910 0.064235 90.390961 0.689450 -0.051340 0.722512 0.303815 0.000000 0.000000 0.000000 1.000000
0.724908 0.037172 -0.687842 -0.385405 0.007770 0.998038 0.062125 90.403549 0.688802 -0.050380 0.723197 0.320961 0.000000 0.000000 0.000000 1.000000
0.726522 0.035678 -0.686216 -0.396424 0.007635 0.998170 0.059980 90.409271 0.687101 -0.048816 0.724921 0.341716 0.000000 0.000000 0.000000 1.000000
0.727970 0.034692 -0.684731 -0.410825 0.007242 0.998274 0.058277 90.410233 0.685571 -0.047383 0.726463 0.361312 0.000000 0.000000 0.000000 1.000000
0.729865 0.034261 -0.682732 -0.424143 0.006794 0.998330 0.057362 90.400337 0.683557 -0.046505 0.728414 0.372307 0.000000 0.000000 0.000000 1.000000
0.734544 0.034605 -0.677678 -0.427687 0.005157 0.998385 0.056571 90.359360 0.678542 -0.045048 0.733179 0.388441 0.000000 0.000000 0.000000 1.000000
0.742905 0.035702 -0.668444 -0.431918 0.003002 0.998389 0.056662 90.281494 0.669390 -0.044101 0.741601 0.413250 0.000000 0.000000 0.000000 1.000000
0.755026 0.036098 -0.654700 -0.468220 0.001559 0.998382 0.056845 90.207092 0.655693 -0.043940 0.753748 0.436834 0.000000 0.000000 0.000000 1.000000
0.770025 0.036302 -0.636980 -0.548152 0.000131 0.998371 0.057057 90.154640 0.638013 -0.044019 0.768766 0.460240 0.000000 0.000000 0.000000 1.000000
0.787852 0.036818 -0.614763 -0.656175 -0.001689 0.998337 0.057625 90.121353 0.615862 -0.044361 0.786604 0.494752 0.000000 0.000000 0.000000 1.000000
0.806181 0.035944 -0.590577 -0.729265 -0.002796 0.998373 0.056947 90.083160 0.591663 -0.044258 0.804970 0.543023 0.000000 0.000000 0.000000 1.000000
0.825311 0.034473 -0.563625 -0.788746 -0.003064 0.998394 0.056577 90.045425 0.564670 -0.044966 0.824091 0.606300 0.000000 0.000000 0.000000 1.000000
0.845036 0.031905 -0.533757 -0.824073 -0.002688 0.998459 0.055426 89.994247 0.534703 -0.045402 0.843819 0.690095 0.000000 0.000000 0.000000 1.000000
0.864474 0.029052 -0.501837 -0.839160 -0.002496 0.998564 0.053508 89.928558 0.502671 -0.045004 0.863306 0.791989 0.000000 0.000000 0.000000 1.000000
0.885311 0.025980 -0.464272 -0.835629 -0.001945 0.998636 0.052173 89.849655 0.464994 -0.045286 0.884155 0.892514 0.000000 0.000000 0.000000 1.000000
0.906975 0.021876 -0.420615 -0.810459 -0.000893 0.998748 0.050021 89.749306 0.421183 -0.044992 0.905859 1.014111 0.000000 0.000000 0.000000 1.000000
0.928263 0.017229 -0.371525 -0.767414 0.000916 0.998817 0.048609 89.638435 0.371924 -0.045462 0.927149 1.170914 0.000000 0.000000 0.000000 1.000000
0.948551 0.011744 -0.316407 -0.717152 0.003612 0.998845 0.047903 89.513313 0.316604 -0.046581 0.947413 1.339946 0.000000 0.000000 0.000000 1.000000
0.967596 0.004172 -0.252469 -0.657654 0.007906 0.998873 0.046808 89.355522 0.252380 -0.047287 0.966472 1.530085 0.000000 0.000000 0.000000 1.000000
0.982812 -0.003707 -0.184570 -0.617944 0.012552 0.998827 0.046776 89.196053 0.184180 -0.048289 0.981706 1.719415 0.000000 0.000000 0.000000 1.000000
0.993967 -0.011164 -0.109109 -0.565064 0.016474 0.998717 0.047895 89.013222 0.108434 -0.049403 0.992875 1.894618 0.000000 0.000000 0.000000 1.000000
0.999237 -0.018355 -0.034482 -0.527145 0.020024 0.998612 0.048713 88.844788 0.033540 -0.049366 0.998217 2.023709 0.000000 0.000000 0.000000 1.000000
0.999092 -0.024103 0.035123 -0.488029 0.022356 0.998533 0.049316 88.690666 -0.036260 -0.048486 0.998166 2.102601 0.000000 0.000000 0.000000 1.000000
0.994507 -0.029205 0.100509 -0.466817 0.024185 0.998416 0.050800 88.534111 -0.101834 -0.048090 0.993638 2.157571 0.000000 0.000000 0.000000 1.000000
0.987494 -0.033501 0.154055 -0.457323 0.025626 0.998275 0.052821 88.427742 -0.155559 -0.048212 0.986649 2.171861 0.000000 0.000000 0.000000 1.000000
0.981501 -0.036376 0.187970 -0.447039 0.026608 0.998174 0.054230 88.372398 -0.189599 -0.048225 0.980677 2.168624 0.000000 0.000000 0.000000 1.000000
0.978358 -0.037705 0.203455 -0.466455 0.026930 0.998097 0.055473 88.354034 -0.205160 -0.048793 0.977511 2.144885 0.000000 0.000000 0.000000 1.000000
0.978205 -0.036823 0.204351 -0.529070 0.025913 0.998105 0.055813 88.347908 -0.206019 -0.049302 0.977305 2.104228 0.000000 0.000000 0.000000 1.000000
0.979688 -0.035346 0.197388 -0.635544 0.024510 0.998069 0.057071 88.369102 -0.199024 -0.051074 0.978663 2.063892 0.000000 0.000000 0.000000 1.000000
0.982054 -0.033961 0.185520 -0.765658 0.023451 0.998009 0.058556 88.409599 -0.187139 -0.053154 0.980894 2.014668 0.000000 0.000000 0.000000 1.000000
0.985011 -0.032565 0.169390 -0.899583 0.022616 0.997922 0.060336 88.449844 -0.171003 -0.055601 0.983700 1.958827 0.000000 0.000000 0.000000 1.000000
0.988299 -0.030892 0.149368 -1.015184 0.021679 0.997783 0.062918 88.457542 -0.150980 -0.058944 0.986778 1.909029 0.000000 0.000000 0.000000 1.000000
0.991477 -0.028376 0.127153 -1.141219 0.019913 0.997531 0.067341 88.434418 -0.128750 -0.064235 0.989595 1.866087 0.000000 0.000000 0.000000 1.000000
0.994372 -0.025325 0.102871 -1.262005 0.017850 0.997177 0.072938 88.425720 -0.104428 -0.070691 0.992017 1.807345 0.000000 0.000000 0.000000 1.000000
0.996776 -0.021773 0.077226 -1.377310 0.015605 0.996706 0.079589 88.456642 -0.078705 -0.078127 0.993832 1.707610 0.000000 0.000000 0.000000 1.000000
0.998729 -0.017429 0.047297 -1.470725 0.013352 0.996276 0.085184 88.510635 -0.048606 -0.084444 0.995242 1.570069 0.000000 0.000000 0.000000 1.000000
0.999846 -0.012631 0.012184 -1.531808 0.011503 0.996000 0.088613 88.580910 -0.013255 -0.088459 0.995992 1.408582 0.000000 0.000000 0.000000 1.000000
0.999609 -0.007535 -0.026915 -1.557756 0.009922 0.995920 0.089693 88.641052 0.026129 -0.089925 0.995606 1.246060 0.000000 0.000000 0.000000 1.000000
0.997578 -0.002886 -0.069500 -1.546630 0.009158 0.995891 0.090100 88.701447 0.068954 -0.090519 0.993505 1.100741 0.000000 0.000000 0.000000 1.000000
0.993089 0.001529 -0.117357 -1.494370 0.008962 0.996008 0.088816 88.790123 0.117024 -0.089254 0.989110 0.959309 0.000000 0.000000 0.000000 1.000000
0.986465 0.005433 -0.163885 -1.441362 0.009073 0.996111 0.087633 88.883514 0.163724 -0.087934 0.982579 0.837975 0.000000 0.000000 0.000000 1.000000
0.977636 0.008207 -0.210143 -1.384599 0.010138 0.996237 0.086071 88.977058 0.210059 -0.086276 0.973875 0.733042 0.000000 0.000000 0.000000 1.000000
0.966912 0.010287 -0.254902 -1.364133 0.011363 0.996458 0.083315 89.060150 0.254857 -0.083455 0.963371 0.626682 0.000000 0.000000 0.000000 1.000000
0.955306 0.011541 -0.295392 -1.369951 0.013118 0.996598 0.081360 89.155350 0.295326 -0.081599 0.951906 0.531244 0.000000 0.000000 0.000000 1.000000
0.942295 0.012788 -0.334539 -1.359313 0.015023 0.996648 0.080412 89.244278 0.334446 -0.080798 0.938945 0.466037 0.000000 0.000000 0.000000 1.000000
0.926628 0.015138 -0.375674 -1.331015 0.016337 0.996624 0.080456 89.336075 0.375624 -0.080691 0.923253 0.425211 0.000000 0.000000 0.000000 1.000000
0.907244 0.018009 -0.420220 -1.310727 0.017466 0.996608 0.080421 89.455612 0.420243 -0.080301 0.903852 0.391124 0.000000 0.000000 0.000000 1.000000
0.883375 0.021908 -0.468155 -1.329132 0.017914 0.996599 0.080438 89.582466 0.468325 -0.079443 0.879977 0.369628 0.000000 0.000000 0.000000 1.000000
0.854376 0.026427 -0.518982 -1.366737 0.017480 0.996679 0.079528 89.716492 0.519361 -0.077019 0.851077 0.351147 0.000000 0.000000 0.000000 1.000000
0.819807 0.029764 -0.571867 -1.392274 0.018142 0.996797 0.077888 89.849884 0.572353 -0.074228 0.816641 0.313223 0.000000 0.000000 0.000000 1.000000
0.780721 0.032235 -0.624048 -1.424266 0.019449 0.996931 0.075828 89.982788 0.624577 -0.071337 0.777698 0.277616 0.000000 0.000000 0.000000 1.000000
0.736367 0.033788 -0.675739 -1.466327 0.021048 0.997125 0.072794 90.142654 0.676255 -0.067826 0.733538 0.243672 0.000000 0.000000 0.000000 1.000000
0.689535 0.034995 -0.723407 -1.524179 0.023593 0.997217 0.070729 90.303955 0.723868 -0.065837 0.686790 0.219244 0.000000 0.000000 0.000000 1.000000
0.639777 0.035519 -0.767739 -1.581846 0.026840 0.997290 0.068506 90.448166 0.768092 -0.064435 0.637090 0.191586 0.000000 0.000000 0.000000 1.000000
0.588104 0.034879 -0.808033 -1.630946 0.031607 0.997315 0.066054 90.575264 0.808168 -0.064386 0.585422 0.192807 0.000000 0.000000 0.000000 1.000000
0.536948 0.036259 -0.842836 -1.705303 0.036007 0.997180 0.065839 90.694710 0.842847 -0.065700 0.534128 0.202637 0.000000 0.000000 0.000000 1.000000
0.483347 0.036774 -0.874656 -1.764380 0.041218 0.997053 0.064698 90.811455 0.874458 -0.067323 0.480407 0.230187 0.000000 0.000000 0.000000 1.000000
0.429000 0.038155 -0.902498 -1.830182 0.045816 0.996902 0.063925 90.929970 0.902142 -0.068772 0.425923 0.289384 0.000000 0.000000 0.000000 1.000000
0.377587 0.040239 -0.925099 -1.881474 0.049759 0.996730 0.063665 91.033234 0.924636 -0.070071 0.374350 0.357388 0.000000 0.000000 0.000000 1.000000
0.329073 0.042390 -0.943353 -1.916449 0.052860 0.996599 0.063222 91.136894 0.942824 -0.070670 0.325713 0.450113 0.000000 0.000000 0.000000 1.000000
0.284998 0.044454 -0.957497 -1.936796 0.056317 0.996422 0.063024 91.213409 0.956872 -0.071885 0.281475 0.569994 0.000000 0.000000 0.000000 1.000000
0.248694 0.046551 -0.967463 -1.949267 0.059658 0.996212 0.063270 91.265015 0.966743 -0.073451 0.244975 0.690413 0.000000 0.000000 0.000000 1.000000
0.219116 0.047914 -0.974522 -1.952636 0.063492 0.995976 0.063245 91.319954 0.973631 -0.075732 0.215192 0.801090 0.000000 0.000000 0.000000 1.000000
0.195576 0.048205 -0.979503 -1.947263 0.067251 0.995781 0.062434 91.375511 0.978380 -0.078084 0.191509 0.922979 0.000000 0.000000 0.000000 1.000000
0.178298 0.048159 -0.982797 -1.933898 0.070011 0.995649 0.061490 91.418808 0.981483 -0.079770 0.174151 1.037918 0.000000 0.000000 0.000000 1.000000
0.166240 0.049121 -0.984861 -1.928923 0.072136 0.995477 0.061827 91.443245 0.983443 -0.081322 0.161945 1.150941 0.000000 0.000000 0.000000 1.000000
0.158303 0.050200 -0.986114 -1.933425 0.074286 0.995271 0.062591 91.453911 0.984592 -0.083163 0.153825 1.248604 0.000000 0.000000 0.000000 1.000000
0.154068 0.051029 -0.986742 -1.940125 0.075949 0.995099 0.063320 91.446869 0.985137 -0.084698 0.149437 1.333933 0.000000 0.000000 0.000000 1.000000
0.153591 0.052294 -0.986750 -1.962626 0.076815 0.994945 0.064684 91.429932 0.985144 -0.085732 0.148798 1.405366 0.000000 0.000000 0.000000 1.000000
0.158230 0.054568 -0.985893 -2.004841 0.076613 0.994783 0.067356 91.408165 0.984426 -0.086190 0.153224 1.465371 0.000000 0.000000 0.000000 1.000000
0.167853 0.057333 -0.984143 -2.069144 0.075710 0.994609 0.070855 91.392296 0.982901 -0.086403 0.162607 1.509871 0.000000 0.000000 0.000000 1.000000
0.181646 0.060215 -0.981519 -2.151034 0.074889 0.994378 0.074864 91.384842 0.980508 -0.087104 0.176116 1.549265 0.000000 0.000000 0.000000 1.000000
0.199407 0.063704 -0.977844 -2.249186 0.073601 0.994092 0.079771 91.378593 0.977149 -0.087877 0.193541 1.578400 0.000000 0.000000 0.000000 1.000000
0.221842 0.066971 -0.972780 -2.358891 0.071598 0.993827 0.084748 91.373154 0.972450 -0.088450 0.215677 1.593843 0.000000 0.000000 0.000000 1.000000
0.250326 0.069824 -0.965641 -2.467565 0.067294 0.993729 0.089300 91.354607 0.965820 -0.087336 0.244057 1.587950 0.000000 0.000000 0.000000 1.000000
0.285431 0.072530 -0.955651 -2.574420 0.061307 0.993708 0.093730 91.330086 0.956436 -0.085342 0.279189 1.541543 0.000000 0.000000 0.000000 1.000000
0.324635 0.073989 -0.942941 -2.661850 0.055522 0.993726 0.097089 91.304008 0.944208 -0.083872 0.318490 1.453482 0.000000 0.000000 0.000000 1.000000
0.365247 0.073646 -0.927993 -2.722196 0.051133 0.993774 0.098992 91.268723 0.929505 -0.083608 0.359207 1.336931 0.000000 0.000000 0.000000 1.000000
0.404501 0.072426 -0.911665 -2.765090 0.048111 0.993794 0.100297 91.245598 0.913271 -0.084431 0.398506 1.209019 0.000000 0.000000 0.000000 1.000000
0.439256 0.069587 -0.895663 -2.780923 0.046650 0.993884 0.100096 91.242180 0.897150 -0.085750 0.433323 1.085424 0.000000 0.000000 0.000000 1.000000
0.471840 0.066103 -0.879203 -2.760956 0.045469 0.994034 0.099138 91.221344 0.880511 -0.086754 0.466019 0.979791 0.000000 0.000000 0.000000 1.000000
0.504120 0.061954 -0.861409 -2.719016 0.044622 0.994223 0.097620 91.174118 0.862480 -0.087650 0.498443 0.877147 0.000000 0.000000 0.000000 1.000000
0.536413 0.058086 -0.841954 -2.691033 0.043837 0.994364 0.096530 91.125969 0.842816 -0.088688 0.530844 0.787849 0.000000 0.000000 0.000000 1.000000
0.571207 0.054506 -0.818994 -2.658506 0.042098 0.994534 0.095550 91.054657 0.819726 -0.089056 0.565790 0.724162 0.000000 0.000000 0.000000 1.000000
0.605797 0.050223 -0.794032 -2.616375 0.041116 0.994696 0.094284 91.012680 0.794556 -0.089764 0.600519 0.660941 0.000000 0.000000 0.000000 1.000000
0.636317 0.045371 -0.770092 -2.552500 0.039673 0.995023 0.091404 90.982231 0.770407 -0.088714 0.631350 0.601149 0.000000 0.000000 0.000000 1.000000
0.662604 0.040877 -0.747854 -2.467632 0.037331 0.995466 0.087486 90.955368 0.748039 -0.085887 0.658073 0.565412 0.000000 0.000000 0.000000 1.000000
0.683864 0.037402 -0.728651 -2.379379 0.034754 0.995882 0.083737 90.913345 0.728782 -0.082588 0.679747 0.574356 0.000000 0.000000 0.000000 1.000000
0.700034 0.036093 -0.713197 -2.297938 0.031239 0.996218 0.081079 90.861496 0.713426 -0.079037 0.696259 0.606147 0.000000 0.000000 0.000000 1.000000
0.713449 0.034795 -0.699843 -2.198278 0.027277 0.996630 0.077357 90.797104 0.700176 -0.074280 0.710096 0.631365 0.000000 0.000000 0.000000 1.000000
0.725043 0.033163 -0.687905 -2.098384 0.024980 0.996916 0.074389 90.749466 0.688250 -0.071119 0.721979 0.637418 0.000000 0.000000 0.000000 1.000000
0.735438 0.031284 -0.676869 -2.015039 0.023535 0.997152 0.071658 90.706818 0.677183 -0.068630 0.732607 0.610967 0.000000 0.000000 0.000000 1.000000
0.744704 0.031639 -0.666645 -1.931242 0.021114 0.997259 0.070917 90.660576 0.667061 -0.066888 0.741994 0.570089 0.000000 0.000000 0.000000 1.000000
0.752389 0.033116 -0.657886 -1.837707 0.017998 0.997329 0.070786 90.620285 0.658473 -0.065100 0.749784 0.529798 0.000000 0.000000 0.000000 1.000000
0.757894 0.035301 -0.651422 -1.738189 0.015009 0.997327 0.071507 90.594421 0.652205 -0.063972 0.755338 0.495683 0.000000 0.000000 0.000000 1.000000
0.761259 0.038020 -0.647333 -1.634257 0.012505 0.997233 0.073276 90.571709 0.648328 -0.063877 0.758677 0.468626 0.000000 0.000000 0.000000 1.000000
0.762624 0.040628 -0.645564 -1.529968 0.010276 0.997139 0.074894 90.554131 0.646760 -0.063749 0.760025 0.451611 0.000000 0.000000 0.000000 1.000000
0.762251 0.042887 -0.645859 -1.427481 0.008791 0.997025 0.076580 90.543152 0.647222 -0.064051 0.759606 0.448689 0.000000 0.000000 0.000000 1.000000
0.760962 0.044718 -0.647254 -1.327481 0.007732 0.996926 0.077967 90.530762 0.648751 -0.064335 0.758277 0.450624 0.000000 0.000000 0.000000 1.000000
0.758881 0.046172 -0.649591 -1.230304 0.007242 0.996823 0.079312 90.517426 0.651190 -0.064893 0.756136 0.455639 0.000000 0.000000 0.000000 1.000000
0.755838 0.046789 -0.653085 -1.139440 0.007011 0.996808 0.079528 90.502609 0.654721 -0.064689 0.753097 0.454068 0.000000 0.000000 0.000000 1.000000
0.752021 0.047152 -0.657450 -1.052123 0.007029 0.996808 0.079531 90.486748 0.659102 -0.064430 0.749289 0.441746 0.000000 0.000000 0.000000 1.000000
0.748519 0.047253 -0.661428 -0.968405 0.006777 0.996861 0.078885 90.471619 0.663079 -0.063529 0.745848 0.427820 0.000000 0.000000 0.000000 1.000000
0.745626 0.047579 -0.664664 -0.885925 0.006353 0.996895 0.078488 90.457764 0.666334 -0.062746 0.743008 0.419437 0.000000 0.000000 0.000000 1.000000
0.742832 0.048011 -0.667754 -0.806461 0.005839 0.996923 0.078173 90.444435 0.669452 -0.061968 0.740266 0.416694 0.000000 0.000000 0.000000 1.000000
0.740169 0.048520 -0.670668 -0.730873 0.005259 0.996945 0.077930 90.431892 0.672401 -0.061208 0.737652 0.407121 0.000000 0.000000 0.000000 1.000000
0.737667 0.049083 -0.673378 -0.660129 0.004639 0.996962 0.077750 90.420128 0.675149 -0.060478 0.735198 0.387021 0.000000 0.000000 0.000000 1.000000
0.735359 0.049653 -0.675856 -0.595061 0.004027 0.996974 0.077626 90.408775 0.677665 -0.059805 0.732935 0.361618 0.000000 0.000000 0.000000 1.000000
0.733280 0.050232 -0.678068 -0.536687 0.003412 0.996983 0.077548 90.399719 0.679918 -0.059178 0.730896 0.336330 0.000000 0.000000 0.000000 1.000000
0.731461 0.050783 -0.679990 -0.485777 0.002835 0.996988 0.077507 90.392586 0.681877 -0.058621 0.729114 0.306452 0.000000 0.000000 0.000000 1.000000
0.729935 0.051291 -0.681590 -0.443066 0.002303 0.996990 0.077492 90.387375 0.683513 -0.058134 0.727620 0.282834 0.000000 0.000000 0.000000 1.000000
0.728734 0.051719 -0.682841 -0.409449 0.001859 0.996991 0.077496 90.383415 0.684794 -0.057743 0.726445 0.261117 0.000000 0.000000 0.000000 1.000000</float_array><technique_common><accessor source="#mixamorig_Hips-Matrix-animation-output-transform-array" count="121" stride="16"><param type="float4x4"/></accessor></technique_common></source><source id="mixamorig_Hips-Interpolations"><Name_array id="mixamorig_Hips-Interpolations-array" count="121">
 LINEAR LINEAR LINEAR LINEAR LINEAR LINEAR LINEAR LINEAR LINEAR LINEAR LINEAR
LINEAR LINEAR LINEAR LINEAR LINEAR LINEAR LINEAR LINEAR LINEAR LINEAR LINEAR LINEAR
LINEAR LINEAR LINEAR LINEAR LINEAR LINEAR LINEAR LINEAR LINEAR LINEAR LINEAR LINEAR
LINEAR LINEAR LINEAR LINEAR LINEAR LINEAR LINEAR LINEAR LINEAR LINEAR LINEAR LINEAR
LINEAR LINEAR LINEAR LINEAR LINEAR LINEAR LINEAR LINEAR LINEAR LINEAR LINEAR LINEAR
LINEAR LINEAR LINEAR LINEAR LINEAR LINEAR LINEAR LINEAR LINEAR LINEAR LINEAR LINEAR
LINEAR LINEAR LINEAR LINEAR LINEAR LINEAR LINEAR LINEAR LINEAR LINEAR LINEAR LINEAR
LINEAR LINEAR LINEAR LINEAR LINEAR LINEAR LINEAR LINEAR LINEAR LINEAR LINEAR LINEAR
LINEAR LINEAR LINEAR LINEAR LINEAR LINEAR LINEAR LINEAR LINEAR LINEAR LINEAR LINEAR
LINEAR LINEAR LINEAR LINEAR LINEAR LINEAR LINEAR LINEAR LINEAR LINEAR LINEAR LINEAR
LINEAR LINEAR</Name_array><technique_common><accessor source="#mixamorig_Hips-Interpolations-array" count="121"><param type="name"/></accessor></technique_common></source><sampler id="mixamorig_Hips-Matrix-animation-transform"><input semantic="INPUT" source="#mixamorig_Hips-Matrix-animation-input"/><input semantic="OUTPUT" source="#mixamorig_Hips-Matrix-animation-output-transform"/><input semantic="INTERPOLATION" source="#mixamorig_Hips-Interpolations"/></sampler><channel source="#mixamorig_Hips-Matrix-animation-transform" target="mixamorig_Hips/matrix"/></animation>
    <animation id="mixamorig_Spine-anim" name="mixamorig_Spine"><source id="mixamorig_Spine-Matrix-animation-input"><float_array id="mixamorig_Spine-Matrix-animation-input-array" count="121">

0.000000 0.033333 0.066667 0.100000 0.133333 0.166667 0.200000 0.233333 0.266667 0.300000 0.333333 0.366667 0.400000 0.433333 0.466667 0.500000
0.533333 0.566667 0.600000 0.633333 0.666667 0.700000 0.733333 0.766667 0.800000 0.833333 0.866667 0.900000 0.933333 0.966667 1.000000 1.033333
1.066667 1.100000 1.133333 1.166667 1.200000 1.233333 1.266667 1.300000 1.333333 1.366667 1.400000 1.433333 1.466667 1.500000 1.533333 1.566667
1.600000 1.633333 1.666667 1.700000 1.733333 1.766667 1.800000 1.833333 1.866667 1.900000 1.933333 1.966667 2.000000 2.033333 2.066667 2.100000
2.133333 2.166667 2.200000 2.233333 2.266667 2.300000 2.333333 2.366667 2.400000 2.433333 2.466667 2.500000 2.533333 2.566667 2.600000 2.633333
2.666667 2.700000 2.733333 2.766667 2.800000 2.833333 2.866667 2.900000 2.933333 2.966667 3.000000 3.033333 3.066667 3.100000 3.133333 3.166667
3.200000 3.233333 3.266667 3.300000 3.333333 3.366667 3.400000 3.433333 3.466667 3.500000 3.533333 3.566667 3.600000 3.633333 3.666667 3.700000
3.733333 3.766667 3.800000 3.833333 3.866667 3.900000 3.933333 3.966667 4.000000</float_array><technique_common><accessor source="#mixamorig_Spine-Matrix-animation-input-array" count="121"><param name="TIME" type="float"/></accessor></technique_common></source><source id="mixamorig_Spine-Matrix-animation-output-transform"><float_array id="mixamorig_Spine-Matrix-animation-output-transform-array" count="1936">

0.996444 0.020979 0.081601 0.012400 -0.012654 0.994782 -0.101232 10.445200 -0.083299 0.099840 0.991511 -0.996300 0.000000 0.000000 0.000000 1.000000
0.996433 0.021342 0.081641 0.012400 -0.013024 0.994792 -0.101086 10.445200 -0.083374 0.099662 0.991522 -0.996300 0.000000 0.000000 0.000000 1.000000
0.996458 0.021595 0.081269 0.012400 -0.013325 0.994802 -0.100956 10.445200 -0.083027 0.099515 0.991566 -0.996300 0.000000 0.000000 0.000000 1.000000
0.996530 0.021668 0.080361 0.012400 -0.013487 0.994796 -0.100990 10.445200 -0.082131 0.099556 0.991637 -0.996300 0.000000 0.000000 0.000000 1.000000
0.996635 0.021516 0.079099 0.012400 -0.013460 0.994795 -0.101005 10.445200 -0.080861 0.099600 0.991737 -0.996300 0.000000 0.000000 0.000000 1.000000
0.996760 0.021485 0.077515 0.012400 -0.013579 0.994782 -0.101115 10.445200 -0.079283 0.099735 0.991850 -0.996300 0.000000 0.000000 0.000000 1.000000
0.996892 0.021443 0.075801 0.012400 -0.013699 0.994768 -0.101238 10.445200 -0.077575 0.099885 0.991970 -0.996300 0.000000 0.000000 0.000000 1.000000
0.997032 0.021514 0.073916 0.012400 -0.013951 0.994752 -0.101362 10.445200 -0.075709 0.100030 0.992100 -0.996300 0.000000 0.000000 0.000000 1.000000
0.997157 0.021624 0.072176 0.012400 -0.014250 0.994768 -0.101165 10.445200 -0.073986 0.099848 0.992248 -0.996300 0.000000 0.000000 0.000000 1.000000
0.997257 0.022115 0.070631 0.012400 -0.014899 0.994765 -0.101097 10.445200 -0.072497 0.099767 0.992366 -0.996300 0.000000 0.000000 0.000000 1.000000
0.997367 0.022205 0.069036 0.012400 -0.015150 0.994761 -0.101094 10.445200 -0.070919 0.099782 0.992479 -0.996300 0.000000 0.000000 0.000000 1.000000
0.997479 0.022006 0.067469 0.012400 -0.015103 0.994754 -0.101176 10.445200 -0.069342 0.099902 0.992578 -0.996300 0.000000 0.000000 0.000000 1.000000
0.997561 0.021785 0.066313 0.012400 -0.014979 0.994727 -0.101461 10.445200 -0.068174 0.100221 0.992627 -0.996300 0.000000 0.000000 0.000000 1.000000
0.997623 0.021498 0.065469 0.012400 -0.014747 0.994684 -0.101909 10.445200 -0.067312 0.100701 0.992637 -0.996300 0.000000 0.000000 0.000000 1.000000
0.997708 0.020826 0.064385 0.012400 -0.014155 0.994644 -0.102385 10.445200 -0.066172 0.101239 0.992659 -0.996300 0.000000 0.000000 0.000000 1.000000
0.997827 0.019849 0.062829 0.012400 -0.013297 0.994588 -0.103040 10.445200 -0.064534 0.101981 0.992691 -0.996300 0.000000 0.000000 0.000000 1.000000
0.997970 0.019370 0.060674 0.012400 -0.013018 0.994557 -0.103376 10.445200 -0.062346 0.102376 0.992790 -0.996300 0.000000 0.000000 0.000000 1.000000
0.997984 0.019204 0.060486 0.012400 -0.012873 0.994560 -0.103371 10.445200 -0.062142 0.102384 0.992802 -0.996300 0.000000 0.000000 0.000000 1.000000
0.997988 0.019019 0.060478 0.012400 -0.012691 0.994563 -0.103358 10.445200 -0.062115 0.102382 0.992804 -0.996300 0.000000 0.000000 0.000000 1.000000
0.997972 0.018751 0.060835 0.012400 -0.012406 0.994599 -0.103047 10.445200 -0.062438 0.102084 0.992814 -0.996300 0.000000 0.000000 0.000000 1.000000
0.997899 0.018770 0.062017 0.012400 -0.012318 0.994623 -0.102824 10.445200 -0.063614 0.101844 0.992764 -0.996300 0.000000 0.000000 0.000000 1.000000
0.997790 0.018866 0.063714 0.012400 -0.012274 0.994677 -0.102311 10.445200 -0.065305 0.101303 0.992710 -0.996300 0.000000 0.000000 0.000000 1.000000
0.997679 0.018904 0.065419 0.012400 -0.012192 0.994759 -0.101519 10.445200 -0.066996 0.100486 0.992680 -0.996300 0.000000 0.000000 0.000000 1.000000
0.997478 0.019072 0.068362 0.012400 -0.012113 0.994833 -0.100803 10.445200 -0.069931 0.099720 0.992555 -0.996300 0.000000 0.000000 0.000000 1.000000
0.997263 0.019169 0.071409 0.012400 -0.011984 0.994943 -0.099721 10.445200 -0.072960 0.098593 0.992450 -0.996300 0.000000 0.000000 0.000000 1.000000
0.997045 0.019248 0.074372 0.012400 -0.011843 0.995041 -0.098761 10.445200 -0.075904 0.097589 0.992328 -0.996300 0.000000 0.000000 0.000000 1.000000
0.996780 0.019599 0.077753 0.012400 -0.011940 0.995138 -0.097768 10.445200 -0.079291 0.096525 0.992167 -0.996300 0.000000 0.000000 0.000000 1.000000
0.996522 0.020200 0.080843 0.012400 -0.012356 0.995269 -0.096372 10.445200 -0.082407 0.095038 0.992057 -0.996300 0.000000 0.000000 0.000000 1.000000
0.996283 0.021169 0.083503 0.012400 -0.013162 0.995362 -0.095293 10.445200 -0.085133 0.093840 0.991941 -0.996300 0.000000 0.000000 0.000000 1.000000
0.995998 0.022682 0.086450 0.012400 -0.014491 0.995445 -0.094231 10.445200 -0.088194 0.092601 0.991790 -0.996300 0.000000 0.000000 0.000000 1.000000
0.995658 0.024627 0.089771 0.012400 -0.016219 0.995514 -0.093218 10.445200 -0.091664 0.091357 0.991590 -0.996300 0.000000 0.000000 0.000000 1.000000
0.995300 0.026289 0.093198 0.012400 -0.017643 0.995565 -0.092411 10.445200 -0.095214 0.090332 0.991350 -0.996300 0.000000 0.000000 0.000000 1.000000
0.994903 0.028169 0.096818 0.012400 -0.019237 0.995575 -0.091980 10.445200 -0.098981 0.089649 0.991043 -0.996300 0.000000 0.000000 0.000000 1.000000
0.994338 0.030561 0.101778 0.012400 -0.021238 0.995582 -0.091462 10.445200 -0.104124 0.088783 0.990594 -0.996300 0.000000 0.000000 0.000000 1.000000
0.993753 0.032772 0.106684 0.012400 -0.023100 0.995613 -0.090667 10.445200 -0.109187 0.087636 0.990151 -0.996300 0.000000 0.000000 0.000000 1.000000
0.993135 0.035075 0.111588 0.012400 -0.025070 0.995642 -0.089830 10.445200 -0.114252 0.086416 0.989686 -0.996300 0.000000 0.000000 0.000000 1.000000
0.992750 0.036460 0.114533 0.012400 -0.026280 0.995669 -0.089174 10.445200 -0.117288 0.085518 0.989409 -0.996300 0.000000 0.000000 0.000000 1.000000
0.992664 0.036854 0.115151 0.012400 -0.026656 0.995685 -0.088883 10.445200 -0.117930 0.085162 0.989363 -0.996300 0.000000 0.000000 0.000000 1.000000
0.992867 0.036621 0.113467 0.012400 -0.026578 0.995695 -0.088795 10.445200 -0.116230 0.085146 0.989566 -0.996300 0.000000 0.000000 0.000000 1.000000
0.993161 0.036063 0.111046 0.012400 -0.026246 0.995718 -0.088633 10.445200 -0.113766 0.085113 0.989855 -0.996300 0.000000 0.000000 0.000000 1.000000
0.993558 0.034767 0.107856 0.012400 -0.025246 0.995764 -0.088414 10.445200 -0.110473 0.085121 0.990227 -0.996300 0.000000 0.000000 0.000000 1.000000
0.993973 0.033235 0.104464 0.012400 -0.024008 0.995798 -0.088377 10.445200 -0.106962 0.085337 0.990594 -0.996300 0.000000 0.000000 0.000000 1.000000
0.994391 0.032098 0.100777 0.012400 -0.023181 0.995811 -0.088444 10.445200 -0.103193 0.085612 0.990970 -0.996300 0.000000 0.000000 0.000000 1.000000
0.994810 0.031280 0.096821 0.012400 -0.022670 0.995793 -0.088778 10.445200 -0.099191 0.086122 0.991335 -0.996300 0.000000 0.000000 0.000000 1.000000
0.995332 0.029997 0.091726 0.012400 -0.021755 0.995743 -0.089573 10.445200 -0.094023 0.087159 0.991747 -0.996300 0.000000 0.000000 0.000000 1.000000
0.995817 0.028413 0.086841 0.012400 -0.020520 0.995688 -0.090466 10.445200 -0.089037 0.088305 0.992106 -0.996300 0.000000 0.000000 0.000000 1.000000
0.996201 0.026776 0.082861 0.012400 -0.019171 0.995643 -0.091252 10.445200 -0.084944 0.089317 0.992374 -0.996300 0.000000 0.000000 0.000000 1.000000
0.996439 0.025424 0.080393 0.012400 -0.017982 0.995599 -0.091979 10.445200 -0.082378 0.090205 0.992510 -0.996300 0.000000 0.000000 0.000000 1.000000
0.996672 0.023602 0.078026 0.012400 -0.016315 0.995556 -0.092742 10.445200 -0.079868 0.091160 0.992628 -0.996300 0.000000 0.000000 0.000000 1.000000
0.996825 0.021523 0.076656 0.012400 -0.014298 0.995509 -0.093579 10.445200 -0.078325 0.092186 0.992656 -0.996300 0.000000 0.000000 0.000000 1.000000
0.996952 0.019793 0.075459 0.012400 -0.012649 0.995491 -0.094008 10.445200 -0.076979 0.092767 0.992708 -0.996300 0.000000 0.000000 0.000000 1.000000
0.997141 0.018010 0.073381 0.012400 -0.011038 0.995480 -0.094327 10.445200 -0.074749 0.093247 0.992833 -0.996300 0.000000 0.000000 0.000000 1.000000
0.997330 0.016653 0.071103 0.012400 -0.009880 0.995469 -0.094567 10.445200 -0.072355 0.093612 0.992976 -0.996300 0.000000 0.000000 0.000000 1.000000
0.997598 0.015148 0.067597 0.012400 -0.008684 0.995448 -0.094914 10.445200 -0.068727 0.094099 0.993188 -0.996300 0.000000 0.000000 0.000000 1.000000
0.997953 0.013201 0.062582 0.012400 -0.007180 0.995405 -0.095486 10.445200 -0.063555 0.094841 0.993462 -0.996300 0.000000 0.000000 0.000000 1.000000
0.998359 0.011327 0.056138 0.012400 -0.005865 0.995315 -0.096512 10.445200 -0.056968 0.096024 0.993747 -0.996300 0.000000 0.000000 0.000000 1.000000
0.998801 0.009360 0.048061 0.012400 -0.004626 0.995207 -0.097683 10.445200 -0.048745 0.097344 0.994056 -0.996300 0.000000 0.000000 0.000000 1.000000
0.999225 0.007279 0.038685 0.012400 -0.003427 0.995109 -0.098728 10.445200 -0.039214 0.098519 0.994362 -0.996300 0.000000 0.000000 0.000000 1.000000
0.999554 0.005558 0.029355 0.012400 -0.002595 0.994981 -0.100034 10.445200 -0.029764 0.099913 0.994551 -0.996300 0.000000 0.000000 0.000000 1.000000
0.999792 0.003981 0.019987 0.012400 -0.001933 0.994840 -0.101442 10.445200 -0.020287 0.101383 0.994641 -0.996300 0.000000 0.000000 0.000000 1.000000
0.999943 0.002236 0.010483 0.012400 -0.001147 0.994701 -0.102807 10.445200 -0.010657 0.102789 0.994646 -0.996300 0.000000 0.000000 0.000000 1.000000
0.999999 0.000928 0.000978 0.012400 -0.000820 0.994532 -0.104433 10.445200 -0.001070 0.104432 0.994531 -0.996300 0.000000 0.000000 0.000000 1.000000
0.999964 -0.000071 -0.008428 0.012400 -0.000820 0.994404 -0.105638 10.445200 0.008388 0.105641 0.994369 -0.996300 0.000000 0.000000 0.000000 1.000000
0.999876 -0.000150 -0.015727 0.012400 -0.001527 0.994308 -0.106530 10.445200 0.015654 0.106541 0.994185 -0.996300 0.000000 0.000000 0.000000 1.000000
0.999773 0.000726 -0.021311 0.012400 -0.003006 0.994240 -0.107131 10.445200 0.021111 0.107170 0.994017 -0.996300 0.000000 0.000000 0.000000 1.000000
0.999656 0.001669 -0.026186 0.012400 -0.004468 0.994229 -0.107182 10.445200 0.025856 0.107262 0.993894 -0.996300 0.000000 0.000000 0.000000 1.000000
0.999514 0.002106 -0.031099 0.012400 -0.005424 0.994245 -0.106989 10.445200 0.030695 0.107105 0.993774 -0.996300 0.000000 0.000000 0.000000 1.000000
0.999378 0.002509 -0.035169 0.012400 -0.006250 0.994273 -0.106691 10.445200 0.034699 0.106845 0.993670 -0.996300 0.000000 0.000000 0.000000 1.000000
0.999263 0.002494 -0.038306 0.012400 -0.006563 0.994294 -0.106473 10.445200 0.037822 0.106645 0.993578 -0.996300 0.000000 0.000000 0.000000 1.000000
0.999172 0.002506 -0.040605 0.012400 -0.006820 0.994293 -0.106465 10.445200 0.040106 0.106654 0.993487 -0.996300 0.000000 0.000000 0.000000 1.000000
0.999097 0.002554 -0.042400 0.012400 -0.007063 0.994283 -0.106539 10.445200 0.041885 0.106743 0.993404 -0.996300 0.000000 0.000000 0.000000 1.000000
0.999039 0.002689 -0.043746 0.012400 -0.007344 0.994274 -0.106604 10.445200 0.043209 0.106823 0.993339 -0.996300 0.000000 0.000000 0.000000 1.000000
0.998987 0.002775 -0.044925 0.012400 -0.007556 0.994274 -0.106592 10.445200 0.044372 0.106823 0.993287 -0.996300 0.000000 0.000000 0.000000 1.000000
0.998955 0.002716 -0.045634 0.012400 -0.007575 0.994269 -0.106642 10.445200 0.045083 0.106876 0.993250 -0.996300 0.000000 0.000000 0.000000 1.000000
0.998941 0.002774 -0.045917 0.012400 -0.007671 0.994250 -0.106806 10.445200 0.045357 0.107045 0.993219 -0.996300 0.000000 0.000000 0.000000 1.000000
0.998957 0.003168 -0.045541 0.012400 -0.008027 0.994235 -0.106921 10.445200 0.044940 0.107175 0.993224 -0.996300 0.000000 0.000000 0.000000 1.000000
0.999006 0.003693 -0.044416 0.012400 -0.008429 0.994233 -0.106909 10.445200 0.043765 0.107177 0.993276 -0.996300 0.000000 0.000000 0.000000 1.000000
0.999077 0.004225 -0.042751 0.012400 -0.008778 0.994231 -0.106896 10.445200 0.042052 0.107173 0.993351 -0.996300 0.000000 0.000000 0.000000 1.000000
0.999157 0.004697 -0.040794 0.012400 -0.009032 0.994246 -0.106744 10.445200 0.040058 0.107022 0.993449 -0.996300 0.000000 0.000000 0.000000 1.000000
0.999244 0.005172 -0.038541 0.012400 -0.009247 0.994289 -0.106322 10.445200 0.037771 0.106598 0.993585 -0.996300 0.000000 0.000000 0.000000 1.000000
0.999344 0.005821 -0.035747 0.012400 -0.009573 0.994349 -0.105726 10.445200 0.034929 0.105999 0.993753 -0.996300 0.000000 0.000000 0.000000 1.000000
0.999459 0.006515 -0.032235 0.012400 -0.009868 0.994426 -0.104970 10.445200 0.031371 0.105231 0.993953 -0.996300 0.000000 0.000000 0.000000 1.000000
0.999594 0.007140 -0.027571 0.012400 -0.009972 0.994528 -0.103993 10.445200 0.026677 0.104226 0.994196 -0.996300 0.000000 0.000000 0.000000 1.000000
0.999723 0.007192 -0.022388 0.012400 -0.009462 0.994636 -0.103007 10.445200 0.021527 0.103191 0.994429 -0.996300 0.000000 0.000000 0.000000 1.000000
0.999825 0.006861 -0.017407 0.012400 -0.008605 0.994724 -0.102222 10.445200 0.016614 0.102354 0.994609 -0.996300 0.000000 0.000000 0.000000 1.000000
0.999898 0.006879 -0.012530 0.012400 -0.008118 0.994786 -0.101665 10.445200 0.011766 0.101757 0.994740 -0.996300 0.000000 0.000000 0.000000 1.000000
0.999941 0.007434 -0.007968 0.012400 -0.008200 0.994859 -0.100937 10.445200 0.007177 0.100996 0.994861 -0.996300 0.000000 0.000000 0.000000 1.000000
0.999959 0.008546 -0.002995 0.012400 -0.008803 0.994907 -0.100411 10.445200 0.002121 0.100434 0.994942 -0.996300 0.000000 0.000000 0.000000 1.000000
0.999941 0.010437 0.002941 0.012400 -0.010091 0.994953 -0.099833 10.445200 -0.003968 0.099798 0.995000 -0.996300 0.000000 0.000000 0.000000 1.000000
0.999884 0.012337 0.008917 0.012400 -0.011390 0.994984 -0.099380 10.445200 -0.010098 0.099267 0.995010 -0.996300 0.000000 0.000000 0.000000 1.000000
0.999780 0.014340 0.015317 0.012400 -0.012754 0.995001 -0.099043 10.445200 -0.016660 0.098825 0.994965 -0.996300 0.000000 0.000000 0.000000 1.000000
0.999639 0.016208 0.021412 0.012400 -0.014015 0.995004 -0.098844 10.445200 -0.022907 0.098509 0.994873 -0.996300 0.000000 0.000000 0.000000 1.000000
0.999515 0.017346 0.025872 0.012400 -0.014714 0.995012 -0.098668 10.445200 -0.027455 0.098239 0.994784 -0.996300 0.000000 0.000000 0.000000 1.000000
0.999363 0.018672 0.030424 0.012400 -0.015588 0.995003 -0.098617 10.445200 -0.032113 0.098080 0.994660 -0.996300 0.000000 0.000000 0.000000 1.000000
0.999179 0.019805 0.035346 0.012400 -0.016245 0.995024 -0.098305 10.445200 -0.037117 0.097650 0.994528 -0.996300 0.000000 0.000000 0.000000 1.000000
0.998965 0.020361 0.040672 0.012400 -0.016300 0.995072 -0.097802 10.445200 -0.042463 0.097038 0.994374 -0.996300 0.000000 0.000000 0.000000 1.000000
0.998696 0.020739 0.046649 0.012400 -0.016123 0.995132 -0.097227 10.445200 -0.048439 0.096348 0.994168 -0.996300 0.000000 0.000000 0.000000 1.000000
0.998391 0.020707 0.052791 0.012400 -0.015517 0.995173 -0.096899 10.445200 -0.054542 0.095923 0.993893 -0.996300 0.000000 0.000000 0.000000 1.000000
0.998126 0.020371 0.057703 0.012400 -0.014744 0.995241 -0.096323 10.445200 -0.059391 0.095292 0.993676 -0.996300 0.000000 0.000000 0.000000 1.000000
0.997875 0.020599 0.061819 0.012400 -0.014593 0.995266 -0.096088 10.445200 -0.063505 0.094982 0.993451 -0.996300 0.000000 0.000000 0.000000 1.000000
0.997616 0.021386 0.065617 0.012400 -0.015016 0.995261 -0.096076 10.445200 -0.067361 0.094862 0.993209 -0.996300 0.000000 0.000000 0.000000 1.000000
0.997478 0.021473 0.067645 0.012400 -0.014876 0.995217 -0.096554 10.445200 -0.069395 0.095305 0.993026 -0.996300 0.000000 0.000000 0.000000 1.000000
0.997430 0.021016 0.068497 0.012400 -0.014308 0.995183 -0.096983 10.445200 -0.070205 0.095754 0.992926 -0.996300 0.000000 0.000000 0.000000 1.000000
0.997384 0.020496 0.069320 0.012400 -0.013671 0.995138 -0.097534 10.445200 -0.070982 0.096332 0.992815 -0.996300 0.000000 0.000000 0.000000 1.000000
0.997326 0.020074 0.070266 0.012400 -0.013100 0.995067 -0.098339 10.445200 -0.071893 0.097155 0.992669 -0.996300 0.000000 0.000000 0.000000 1.000000
0.997259 0.019729 0.071306 0.012400 -0.012604 0.995005 -0.099030 10.445200 -0.072904 0.097860 0.992526 -0.996300 0.000000 0.000000 0.000000 1.000000
0.997201 0.019548 0.072174 0.012400 -0.012288 0.994942 -0.099694 10.445200 -0.073757 0.098528 0.992397 -0.996300 0.000000 0.000000 0.000000 1.000000
0.997138 0.019505 0.073049 0.012400 -0.012117 0.994888 -0.100259 10.445200 -0.074631 0.099087 0.992276 -0.996300 0.000000 0.000000 0.000000 1.000000
0.997061 0.019728 0.074034 0.012400 -0.012201 0.994834 -0.100777 10.445200 -0.075640 0.099577 0.992151 -0.996300 0.000000 0.000000 0.000000 1.000000
0.996972 0.020067 0.075126 0.012400 -0.012423 0.994823 -0.100864 10.445200 -0.076761 0.099625 0.992060 -0.996300 0.000000 0.000000 0.000000 1.000000
0.996872 0.020597 0.076304 0.012400 -0.012828 0.994809 -0.100944 10.445200 -0.077987 0.099649 0.991962 -0.996300 0.000000 0.000000 0.000000 1.000000
