<?xml version="1.0" encoding="utf-8"?>
<COLLADA xmlns="http://www.collada.org/2005/11/COLLADASchema" version="1.4.1">
  <asset><contributor><author>Mixamo</author><authoring_tool>COLLADA Mixamo exporter</authoring_tool><comments></comments></contributor><created>2019-01-15T19:16:41Z</created><modified>2019-01-15T19:16:41Z</modified><revision></revision><title></title><unit meter="0.010000"/><up_axis>Y_UP</up_axis></asset>
  <library_animations>
    <animation id="Hips-anim" name="Hips"><source id="Hips-Matrix-animation-input"><float_array id="Hips-Matrix-animation-input-array" count="163">

0.000000 0.033333 0.066667 0.100000 0.133333 0.166667 0.200000 0.233333 0.266667 0.300000 0.333333 0.366667 0.400000 0.433333 0.466667 0.500000
0.533333 0.566667 0.600000 0.633333 0.666667 0.700000 0.733333 0.766667 0.800000 0.833333 0.866667 0.900000 0.933333 0.966667 1.000000 1.033333
1.066667 1.100000 1.133333 1.166667 1.200000 1.233333 1.266667 1.300000 1.333333 1.366667 1.400000 1.433333 1.466667 1.500000 1.533333 1.566667
1.600000 1.633333 1.666667 1.700000 1.733333 1.766667 1.800000 1.833333 1.866667 1.900000 1.933333 1.966667 2.000000 2.033333 2.066667 2.100000
2.133333 2.166667 2.200000 2.233333 2.266667 2.300000 2.333333 2.366667 2.400000 2.433333 2.466667 2.500000 2.533333 2.566667 2.600000 2.633333
2.666667 2.700000 2.733333 2.766667 2.800000 2.833333 2.866667 2.900000 2.933333 2.966667 3.000000 3.033333 3.066667 3.100000 3.133333 3.166667
3.200000 3.233333 3.266667 3.300000 3.333333 3.366667 3.400000 3.433333 3.466667 3.500000 3.533333 3.566667 3.600000 3.633333 3.666667 3.700000
3.733333 3.766667 3.800000 3.833333 3.866667 3.900000 3.933333 3.966667 4.000000 4.033333 4.066667 4.100000 4.133333 4.166667 4.200000 4.233333
4.266667 4.300000 4.333333 4.366667 4.400000 4.433333 4.466667 4.500000 4.533333 4.566667 4.600000 4.633333 4.666667 4.700000 4.733333 4.766667
4.800000 4.833333 4.866667 4.900000 4.933333 4.966667 5.000000 5.033333 5.066667 5.100000 5.133333 5.166667 5.200000 5.233333 5.266667 5.300000
5.333333 5.366667 5.400000</float_array><technique_common><accessor source="#Hips-Matrix-animation-input-array" count="163"><param name="TIME" type="float"/></accessor></technique_common></source><source id="Hips-Matrix-animation-output-transform"><float_array id="Hips-Matrix-animation-output-transform-array" count="2608">

0.999817 0.019147 0.000010 -0.005974 -0.019146 0.999807 0.004404 82.985435 0.000075 -0.004403 0.999990 0.845221 0.000000 0.000000 0.000000 1.000000
0.999773 0.021263 0.001465 0.267883 -0.021265 0.999772 0.001697 83.008804 -0.001428 -0.001728 0.999997 0.849092 0.000000 0.000000 0.000000 1.000000
0.999737 0.022827 0.002254 0.506394 -0.022827 0.999739 -0.000091 83.036987 -0.002255 0.000039 0.999997 0.869323 0.000000 0.000000 0.000000 1.000000
0.999716 0.023729 0.002170 0.697337 -0.023727 0.999718 -0.000931 83.071815 -0.002191 0.000879 0.999997 0.903531 0.000000 0.000000 0.000000 1.000000
0.999713 0.023947 0.001064 0.840339 -0.023945 0.999712 -0.001385 83.111885 -0.001097 0.001359 0.999998 0.937671 0.000000 0.000000 0.000000 1.000000
0.999721 0.023581 -0.000961 0.945481 -0.023583 0.999719 -0.002293 83.151268 0.000907 0.002315 0.999997 0.953334 0.000000 0.000000 0.000000 1.000000
0.999735 0.022703 -0.003707 1.020703 -0.022718 0.999734 -0.003905 83.181900 0.003617 0.003988 0.999986 0.940347 0.000000 0.000000 0.000000 1.000000
0.999746 0.021511 -0.006783 1.070015 -0.021552 0.999750 -0.005920 83.199417 0.006654 0.006065 0.999959 0.893754 0.000000 0.000000 0.000000 1.000000
0.999749 0.020239 -0.009643 1.105117 -0.020320 0.999758 -0.008405 83.206367 0.009470 0.008598 0.999918 0.805497 0.000000 0.000000 0.000000 1.000000
0.999756 0.018485 -0.012070 1.148648 -0.018633 0.999750 -0.012328 83.210770 0.011839 0.012550 0.999851 0.668177 0.000000 0.000000 0.000000 1.000000
0.999785 0.014797 -0.014506 1.220689 -0.015071 0.999706 -0.018974 83.221138 0.014221 0.019189 0.999715 0.484937 0.000000 0.000000 0.000000 1.000000
0.999817 0.007390 -0.017644 1.323964 -0.007893 0.999559 -0.028640 83.237320 0.017425 0.028774 0.999434 0.268878 0.000000 0.000000 0.000000 1.000000
0.999758 -0.004533 -0.021515 1.446330 0.003673 0.999199 -0.039852 83.242317 0.021678 0.039763 0.998974 0.028077 0.000000 0.000000 0.000000 1.000000
0.999486 -0.020351 -0.024772 1.575219 0.019092 0.998563 -0.050074 83.207710 0.025755 0.049576 0.998438 -0.251813 0.000000 0.000000 0.000000 1.000000
0.998934 -0.039022 -0.024674 1.702002 0.037546 0.997628 -0.057689 83.111237 0.026866 0.056701 0.998030 -0.611636 0.000000 0.000000 0.000000 1.000000
0.998029 -0.060196 -0.017759 1.807891 0.058955 0.996231 -0.063630 82.944756 0.021522 0.062458 0.997816 -1.100826 0.000000 0.000000 0.000000 1.000000
0.996470 -0.083941 -0.001021 1.849588 0.083659 0.993981 -0.070736 82.695015 0.006952 0.070401 0.997495 -1.741034 0.000000 0.000000 0.000000 1.000000
0.993653 -0.109287 0.026646 1.768639 0.111106 0.990528 -0.080683 82.319221 -0.017576 0.083132 0.996384 -2.493595 0.000000 0.000000 0.000000 1.000000
0.989082 -0.133092 0.063280 1.526406 0.138533 0.986148 -0.091217 81.739044 -0.050263 0.098988 0.993818 -3.255989 0.000000 0.000000 0.000000 1.000000
0.982895 -0.151806 0.104268 1.125453 0.161878 0.982123 -0.096074 80.925682 -0.087819 0.111309 0.989898 -3.905759 0.000000 0.000000 0.000000 1.000000
0.975849 -0.163876 0.144444 0.601295 0.177642 0.980141 -0.088132 79.892418 -0.127132 0.111662 0.985580 -4.322194 0.000000 0.000000 0.000000 1.000000
0.968678 -0.170806 0.180246 -0.026551 0.184584 0.980825 -0.062534 78.693207 -0.166109 0.093845 0.981632 -4.377749 0.000000 0.000000 0.000000 1.000000
0.961753 -0.175618 0.210214 -0.722332 0.183374 0.982881 -0.017833 77.450806 -0.203484 0.055699 0.977493 -3.950886 0.000000 0.000000 0.000000 1.000000
0.954637 -0.183083 0.234839 -1.496549 0.177516 0.983097 0.044819 76.637344 -0.239075 -0.001098 0.971001 -3.206426 0.000000 0.000000 0.000000 1.000000
0.948637 -0.190048 0.252922 -2.117657 0.164467 0.979190 0.118906 76.224388 -0.270256 -0.071201 0.960152 -2.199837 0.000000 0.000000 0.000000 1.000000
0.943488 -0.198609 0.265302 -2.723223 0.149417 0.969477 0.194395 76.359879 -0.295813 -0.143769 0.944365 -1.146317 0.000000 0.000000 0.000000 1.000000
0.939235 -0.208228 0.272910 -3.275790 0.135691 0.955473 0.262029 76.814873 -0.315320 -0.209075 0.925668 -0.021289 0.000000 0.000000 0.000000 1.000000
0.934880 -0.220463 0.278200 -3.755478 0.126866 0.939500 0.318191 77.462532 -0.331518 -0.262176 0.906289 1.195768 0.000000 0.000000 0.000000 1.000000
0.929702 -0.235176 0.283456 -4.163199 0.122489 0.923222 0.364222 78.269119 -0.347349 -0.303897 0.887128 2.489726 0.000000 0.000000 0.000000 1.000000
0.924146 -0.248951 0.289788 -4.520331 0.118247 0.907674 0.402673 79.186050 -0.363279 -0.337862 0.868261 3.846409 0.000000 0.000000 0.000000 1.000000
0.919320 -0.257974 0.297153 -4.870606 0.110363 0.893854 0.434563 80.137749 -0.377718 -0.366708 0.850209 5.263057 0.000000 0.000000 0.000000 1.000000
0.915895 -0.261352 0.304683 -5.253148 0.099082 0.882720 0.459335 81.045792 -0.388998 -0.390514 0.834374 6.720723 0.000000 0.000000 0.000000 1.000000
0.913941 -0.260809 0.310950 -5.650692 0.087593 0.874881 0.476352 81.876945 -0.396281 -0.408121 0.822435 8.167773 0.000000 0.000000 0.000000 1.000000
0.913496 -0.258129 0.314476 -6.022174 0.078813 0.870587 0.485661 82.556824 -0.399142 -0.418864 0.815622 9.585270 0.000000 0.000000 0.000000 1.000000
0.914942 -0.252960 0.314472 -6.322169 0.072708 0.869759 0.488090 83.017876 -0.396982 -0.423710 0.814172 10.974754 0.000000 0.000000 0.000000 1.000000
0.918222 -0.243992 0.311987 -6.533694 0.067037 0.872093 0.484727 83.237579 -0.390351 -0.424173 0.817131 12.329487 0.000000 0.000000 0.000000 1.000000
0.922252 -0.231113 0.309901 -6.672197 0.059782 0.877243 0.476309 83.262230 -0.381940 -0.420750 0.822855 13.633270 0.000000 0.000000 0.000000 1.000000
0.925521 -0.215980 0.311068 -6.763978 0.050916 0.884930 0.462932 83.156418 -0.375258 -0.412615 0.830018 14.889074 0.000000 0.000000 0.000000 1.000000
0.927098 -0.200542 0.316658 -6.802485 0.041751 0.894824 0.444462 83.023636 -0.372487 -0.398839 0.837963 16.118698 0.000000 0.000000 0.000000 1.000000
0.926646 -0.186248 0.326556 -6.768161 0.033938 0.906547 0.420738 82.939911 -0.374400 -0.378792 0.846369 17.309391 0.000000 0.000000 0.000000 1.000000
0.923710 -0.173048 0.341781 -6.543145 0.027754 0.920047 0.390823 82.828972 -0.382085 -0.351522 0.854660 18.476133 0.000000 0.000000 0.000000 1.000000
0.918431 -0.158845 0.362288 -6.173145 0.022926 0.935672 0.352127 82.664452 -0.394916 -0.315098 0.862992 19.502327 0.000000 0.000000 0.000000 1.000000
0.912387 -0.141672 0.384030 -5.665969 0.021014 0.953169 0.301706 82.261566 -0.408789 -0.267202 0.872636 20.404449 0.000000 0.000000 0.000000 1.000000
0.910424 -0.120939 0.395602 -5.033548 0.024658 0.970475 0.239936 81.425804 -0.412940 -0.208689 0.886526 21.275139 0.000000 0.000000 0.000000 1.000000
0.918366 -0.097544 0.383521 -4.180487 0.032415 0.984431 0.172757 80.014023 -0.394401 -0.146222 0.907230 22.227112 0.000000 0.000000 0.000000 1.000000
0.933684 -0.082228 0.348529 -3.209252 0.046695 0.992926 0.109165 78.469643 -0.355040 -0.085651 0.930919 22.973930 0.000000 0.000000 0.000000 1.000000
0.947620 -0.081646 0.308788 -2.240708 0.068271 0.996210 0.053893 76.944435 -0.312017 -0.029989 0.949603 23.436790 0.000000 0.000000 0.000000 1.000000
0.954722 -0.087378 0.284379 -1.240016 0.089277 0.995987 0.006304 75.267532 -0.283789 0.019370 0.958691 23.889484 0.000000 0.000000 0.000000 1.000000
0.955752 -0.092228 0.279343 -0.291762 0.105801 0.993810 -0.033871 74.059616 -0.274490 0.061927 0.959594 24.175472 0.000000 0.000000 0.000000 1.000000
0.954869 -0.093855 0.281808 0.508112 0.118099 0.990512 -0.070276 73.671539 -0.272539 0.100386 0.956894 24.337978 0.000000 0.000000 0.000000 1.000000
0.956266 -0.094507 0.276811 1.167170 0.128374 0.985952 -0.106861 73.889351 -0.262824 0.137723 0.954964 24.466225 0.000000 0.000000 0.000000 1.000000
0.960472 -0.097730 0.260658 1.758167 0.138837 0.979754 -0.144242 74.324135 -0.241284 0.174729 0.954595 24.590559 0.000000 0.000000 0.000000 1.000000
0.965621 -0.103949 0.238266 2.351481 0.148814 0.972567 -0.178796 74.616783 -0.213144 0.208106 0.954600 24.676222 0.000000 0.000000 0.000000 1.000000
0.970779 -0.110948 0.212787 3.019830 0.155531 0.966153 -0.205810 74.659485 -0.182751 0.232891 0.955177 24.759064 0.000000 0.000000 0.000000 1.000000
0.976317 -0.118441 0.181046 3.745586 0.158135 0.961775 -0.223567 74.452942 -0.147646 0.246902 0.957727 24.851215 0.000000 0.000000 0.000000 1.000000
0.981694 -0.128651 0.140450 4.481951 0.159218 0.959003 -0.234440 74.108688 -0.104532 0.252511 0.961931 24.946114 0.000000 0.000000 0.000000 1.000000
0.985211 -0.142954 0.094465 5.203059 0.162043 0.956524 -0.242496 73.709251 -0.055692 0.254217 0.965542 25.051441 0.000000 0.000000 0.000000 1.000000
0.985873 -0.159955 0.049687 5.891115 0.167332 0.953660 -0.250067 73.311783 -0.007385 0.254848 0.966953 25.166389 0.000000 0.000000 0.000000 1.000000
0.984185 -0.176891 0.009490 6.499853 0.173366 0.950798 -0.256765 72.983673 0.036397 0.254349 0.966427 25.256674 0.000000 0.000000 0.000000 1.000000
0.981054 -0.191814 -0.027214 7.013153 0.178240 0.948686 -0.261200 72.745041 0.075920 0.251401 0.964901 25.318878 0.000000 0.000000 0.000000 1.000000
0.976865 -0.204340 -0.063086 7.429944 0.181259 0.947665 -0.262822 72.604706 0.113489 0.245307 0.962780 25.354195 0.000000 0.000000 0.000000 1.000000
0.971541 -0.214958 -0.099505 7.761766 0.182777 0.947517 -0.262307 72.551811 0.150667 0.236655 0.959840 25.360188 0.000000 0.000000 0.000000 1.000000
0.964871 -0.224640 -0.136241 8.005509 0.183762 0.947655 -0.261115 72.564568 0.187766 0.226906 0.955645 25.318783 0.000000 0.000000 0.000000 1.000000
0.956723 -0.234231 -0.172674 8.164433 0.184929 0.947541 -0.260707 72.610771 0.224682 0.217492 0.949850 25.212124 0.000000 0.000000 0.000000 1.000000
0.947033 -0.244360 -0.208366 8.242593 0.186733 0.946897 -0.261757 72.670868 0.261264 0.208984 0.942373 25.032391 0.000000 0.000000 0.000000 1.000000
0.935799 -0.255402 -0.243003 8.250736 0.189564 0.945720 -0.263967 72.742630 0.297231 0.200955 0.933419 24.784658 0.000000 0.000000 0.000000 1.000000
0.923092 -0.267484 -0.276322 8.203885 0.193775 0.944127 -0.266600 72.827408 0.332194 0.192552 0.923348 24.482431 0.000000 0.000000 0.000000 1.000000
0.909103 -0.280386 -0.308085 8.111590 0.199391 0.942232 -0.269153 72.920464 0.365754 0.183258 0.912491 24.141214 0.000000 0.000000 0.000000 1.000000
0.894197 -0.293454 -0.338077 7.971862 0.205859 0.940145 -0.271567 73.015450 0.397534 0.173239 0.901086 23.772205 0.000000 0.000000 0.000000 1.000000
0.878836 -0.305845 -0.366206 7.776623 0.212223 0.937996 -0.274088 73.111740 0.427328 0.163161 0.889252 23.378817 0.000000 0.000000 0.000000 1.000000
0.863283 -0.316977 -0.392770 7.523453 0.217544 0.935880 -0.277134 73.211487 0.455430 0.153800 0.876886 22.957033 0.000000 0.000000 0.000000 1.000000
0.847415 -0.326714 -0.418505 7.220202 0.221151 0.933819 -0.281203 73.310196 0.482681 0.145743 0.863584 22.500708 0.000000 0.000000 0.000000 1.000000
0.830935 -0.335154 -0.444093 6.879479 0.222660 0.931812 -0.286617 73.394272 0.509872 0.139278 0.848900 22.008984 0.000000 0.000000 0.000000 1.000000
0.813898 -0.342427 -0.469376 6.511438 0.222113 0.929880 -0.293239 73.445564 0.536876 0.134412 0.832885 21.489605 0.000000 0.000000 0.000000 1.000000
0.797015 -0.348825 -0.493039 6.126750 0.220257 0.928000 -0.300505 73.452477 0.562364 0.130912 0.816461 20.956825 0.000000 0.000000 0.000000 1.000000
0.781425 -0.354981 -0.513190 5.738407 0.218550 0.926023 -0.307762 73.417503 0.584475 0.128335 0.801198 20.424759 0.000000 0.000000 0.000000 1.000000
0.768103 -0.361574 -0.528471 5.367344 0.218424 0.923765 -0.314562 73.363480 0.601920 0.126185 0.788524 19.907049 0.000000 0.000000 0.000000 1.000000
0.757379 -0.368836 -0.538830 5.016813 0.220478 0.921179 -0.320654 73.307358 0.614627 0.124057 0.779001 19.409719 0.000000 0.000000 0.000000 1.000000
0.748899 -0.376217 -0.545538 4.693528 0.223945 0.918471 -0.325975 73.263138 0.623698 0.121952 0.772094 18.944939 0.000000 0.000000 0.000000 1.000000
0.742015 -0.382753 -0.550376 4.409159 0.227265 0.915992 -0.330620 73.232460 0.630686 0.120244 0.766666 18.529959 0.000000 0.000000 0.000000 1.000000
0.736268 -0.387759 -0.554573 4.169623 0.229242 0.914006 -0.334727 73.190979 0.636677 0.119317 0.761844 18.173344 0.000000 0.000000 0.000000 1.000000
0.731617 -0.391225 -0.558283 3.979406 0.229759 0.912531 -0.338376 73.109756 0.641831 0.119291 0.757510 17.874432 0.000000 0.000000 0.000000 1.000000
0.728331 -0.393762 -0.560790 3.838887 0.229713 0.911352 -0.341569 72.965813 0.645574 0.119954 0.754218 17.623219 0.000000 0.000000 0.000000 1.000000
0.726716 -0.396033 -0.561286 3.775088 0.229982 0.910198 -0.344453 72.796471 0.647296 0.121234 0.752536 17.426929 0.000000 0.000000 0.000000 1.000000
0.727009 -0.398467 -0.559180 3.786392 0.231165 0.908885 -0.347118 72.621719 0.646545 0.123095 0.752879 17.288530 0.000000 0.000000 0.000000 1.000000
0.729482 -0.400532 -0.554464 3.877198 0.232637 0.907579 -0.349544 72.493408 0.643223 0.125997 0.755241 17.208124 0.000000 0.000000 0.000000 1.000000
0.734417 -0.401314 -0.547339 4.036387 0.233462 0.906618 -0.351483 72.430664 0.637282 0.130352 0.759526 17.189671 0.000000 0.000000 0.000000 1.000000
0.741841 -0.400154 -0.538097 4.251900 0.233024 0.906264 -0.352684 72.427544 0.628786 0.136246 0.765549 17.235413 0.000000 0.000000 0.000000 1.000000
0.751381 -0.397177 -0.526951 4.516990 0.231545 0.906487 -0.353082 72.461960 0.617910 0.143287 0.773082 17.348812 0.000000 0.000000 0.000000 1.000000
0.762454 -0.393124 -0.513924 4.833073 0.229937 0.907043 -0.352706 72.508133 0.604808 0.150752 0.781972 17.538321 0.000000 0.000000 0.000000 1.000000
0.774681 -0.388505 -0.498932 5.206079 0.228834 0.907770 -0.351551 72.552345 0.589495 0.158167 0.792135 17.815233 0.000000 0.000000 0.000000 1.000000
0.787926 -0.383128 -0.482063 5.637990 0.227838 0.908696 -0.349804 72.596405 0.572068 0.165787 0.803276 18.181160 0.000000 0.000000 0.000000 1.000000
0.801974 -0.376468 -0.463799 6.124146 0.225768 0.909849 -0.348144 72.649780 0.553052 0.174491 0.814669 18.624107 0.000000 0.000000 0.000000 1.000000
0.816320 -0.368402 -0.444861 6.628646 0.221901 0.911111 -0.347327 72.689545 0.533274 0.184815 0.825507 19.116117 0.000000 0.000000 0.000000 1.000000
0.830423 -0.359032 -0.426021 7.144370 0.216237 0.912425 -0.347452 72.721443 0.513458 0.196411 0.835334 19.652908 0.000000 0.000000 0.000000 1.000000
0.843994 -0.348455 -0.407742 7.675568 0.209424 0.913964 -0.347580 72.756699 0.493777 0.207964 0.844355 20.242733 0.000000 0.000000 0.000000 1.000000
0.857000 -0.336748 -0.390065 8.222036 0.202155 0.915964 -0.346616 72.791016 0.474008 0.218197 0.853057 20.882685 0.000000 0.000000 0.000000 1.000000
0.869498 -0.324148 -0.372696 8.791700 0.194740 0.918392 -0.344431 72.821220 0.453927 0.226903 0.861664 21.559105 0.000000 0.000000 0.000000 1.000000
0.881543 -0.311242 -0.354979 9.381032 0.187573 0.920922 -0.341640 72.837631 0.433241 0.234586 0.870213 22.246996 0.000000 0.000000 0.000000 1.000000
0.893241 -0.298634 -0.336064 9.969784 0.181359 0.923340 -0.338457 72.839081 0.411375 0.241375 0.878924 22.926340 0.000000 0.000000 0.000000 1.000000
0.904690 -0.286408 -0.315446 10.537192 0.176540 0.925798 -0.334263 72.847908 0.387775 0.246716 0.888123 23.594265 0.000000 0.000000 0.000000 1.000000
0.915774 -0.274260 -0.293495 11.062376 0.172802 0.928556 -0.328518 72.883720 0.362626 0.250131 0.897740 24.245438 0.000000 0.000000 0.000000 1.000000
0.926115 -0.261869 -0.271542 11.533491 0.169063 0.931590 -0.321804 72.948944 0.337236 0.252120 0.907032 24.864384 0.000000 0.000000 0.000000 1.000000
0.935353 -0.249098 -0.251127 11.951572 0.164177 0.934598 -0.315550 73.028419 0.313306 0.253922 0.915076 25.436666 0.000000 0.000000 0.000000 1.000000
0.943469 -0.235975 -0.232769 12.324800 0.157762 0.937303 -0.310764 73.105774 0.291508 0.256474 0.921544 25.961113 0.000000 0.000000 0.000000 1.000000
0.950844 -0.222620 -0.215258 12.661060 0.150415 0.939632 -0.307354 73.174995 0.270687 0.259867 0.926929 26.446495 0.000000 0.000000 0.000000 1.000000
0.957991 -0.209111 -0.196282 12.967402 0.143108 0.941632 -0.304713 73.236702 0.248544 0.263823 0.932000 26.900616 0.000000 0.000000 0.000000 1.000000
0.965164 -0.195493 -0.173900 13.238891 0.136545 0.943291 -0.302584 73.297417 0.223191 0.268298 0.937124 27.321941 0.000000 0.000000 0.000000 1.000000
0.972207 -0.181521 -0.147866 13.468496 0.130556 0.944587 -0.301183 73.354294 0.194343 0.273508 0.942032 27.711424 0.000000 0.000000 0.000000 1.000000
0.978720 -0.166845 -0.119455 13.646359 0.124488 0.945555 -0.300712 73.399033 0.163124 0.279443 0.946204 28.075401 0.000000 0.000000 0.000000 1.000000
0.984362 -0.151284 -0.090246 13.768534 0.117836 0.946305 -0.301034 73.422470 0.130942 0.285692 0.949334 28.420013 0.000000 0.000000 0.000000 1.000000
0.988963 -0.134955 -0.061154 13.845723 0.110550 0.946915 -0.301878 73.415573 0.098647 0.291786 0.951383 28.743292 0.000000 0.000000 0.000000 1.000000
0.992448 -0.118274 -0.032526 13.895844 0.102964 0.947355 -0.303178 73.364655 0.066671 0.297539 0.952379 29.031981 0.000000 0.000000 0.000000 1.000000
0.994812 -0.101623 -0.004703 13.933707 0.095351 0.947540 -0.305085 73.264557 0.035460 0.303054 0.952313 29.273867 0.000000 0.000000 0.000000 1.000000
0.996126 -0.085187 0.021818 13.963876 0.087762 0.947440 -0.307662 73.121384 0.005537 0.308385 0.951245 29.467218 0.000000 0.000000 0.000000 1.000000
0.996507 -0.069284 0.046613 13.984557 0.080383 0.947087 -0.310748 72.946121 -0.022617 0.313410 0.949349 29.614336 0.000000 0.000000 0.000000 1.000000
0.996115 -0.054554 0.069126 14.006191 0.073647 0.946456 -0.314319 72.756012 -0.048277 0.318189 0.946797 29.717672 0.000000 0.000000 0.000000 1.000000
0.995227 -0.041862 0.088154 14.056960 0.067998 0.945405 -0.318726 72.567604 -0.069998 0.323199 0.943739 29.778053 0.000000 0.000000 0.000000 1.000000
0.994265 -0.031999 0.102042 14.161595 0.063663 0.943790 -0.324356 72.405769 -0.085928 0.328993 0.940415 29.788433 0.000000 0.000000 0.000000 1.000000
0.993654 -0.025163 0.109631 14.330484 0.060372 0.941681 -0.331046 72.281555 -0.094908 0.335564 0.937224 29.745190 0.000000 0.000000 0.000000 1.000000
0.993584 -0.021052 0.111124 14.553975 0.057692 0.939427 -0.337860 72.190300 -0.097280 0.342103 0.934613 29.648993 0.000000 0.000000 0.000000 1.000000
0.993995 -0.019205 0.107725 14.809159 0.055338 0.937532 -0.343470 72.118919 -0.094400 0.347369 0.932965 29.503828 0.000000 0.000000 0.000000 1.000000
0.994750 -0.019210 0.100518 15.071016 0.053121 0.936457 -0.346738 72.052216 -0.087470 0.350257 0.932561 29.316189 0.000000 0.000000 0.000000 1.000000
0.995730 -0.020756 0.089945 15.318817 0.050863 0.936494 -0.346975 71.981026 -0.077031 0.350068 0.933551 29.093019 0.000000 0.000000 0.000000 1.000000
0.996807 -0.023628 0.076278 15.537985 0.048536 0.937792 -0.343789 71.900887 -0.063410 0.346394 0.935944 28.838432 0.000000 0.000000 0.000000 1.000000
0.997810 -0.027640 0.060101 15.719841 0.046339 0.940420 -0.336843 71.807762 -0.047210 0.338890 0.939641 28.553268 0.000000 0.000000 0.000000 1.000000
0.998581 -0.032564 0.042128 15.858212 0.044544 0.944367 -0.325864 71.699318 -0.029173 0.327278 0.944478 28.235312 0.000000 0.000000 0.000000 1.000000
0.999017 -0.038069 0.022716 15.946911 0.043250 0.949468 -0.310869 71.575111 -0.009733 0.311546 0.950181 27.882076 0.000000 0.000000 0.000000 1.000000
0.999048 -0.043589 0.001804 15.979853 0.042213 0.955419 -0.292220 71.432770 0.011014 0.292018 0.956349 27.496614 0.000000 0.000000 0.000000 1.000000
0.998623 -0.048211 -0.020684 15.948935 0.040842 0.961927 -0.270236 71.270988 0.032925 0.269019 0.962572 27.087883 0.000000 0.000000 0.000000 1.000000
0.997713 -0.050798 -0.044595 15.844382 0.038387 0.968825 -0.244756 71.090607 0.055638 0.242484 0.968559 26.669540 0.000000 0.000000 0.000000 1.000000
0.996282 -0.050575 -0.069747 15.656915 0.034473 0.975947 -0.215267 70.891388 0.078957 0.212062 0.974061 26.253077 0.000000 0.000000 0.000000 1.000000
0.994213 -0.047574 -0.096320 15.384219 0.029432 0.982917 -0.181682 70.670891 0.103318 0.177796 0.978629 25.842125 0.000000 0.000000 0.000000 1.000000
0.991273 -0.042342 -0.124843 15.034429 0.023986 0.989138 -0.145022 70.443619 0.129627 0.140762 0.981521 25.434114 0.000000 0.000000 0.000000 1.000000
0.987176 -0.035618 -0.155613 14.604517 0.018977 0.994062 -0.107143 70.228943 0.158506 0.102816 0.981990 25.011219 0.000000 0.000000 0.000000 1.000000
0.981804 -0.027654 -0.187872 14.079966 0.014691 0.997436 -0.070046 70.053299 0.189327 0.066011 0.979693 24.551147 0.000000 0.000000 0.000000 1.000000
0.975451 -0.018905 -0.219403 13.408297 0.011425 0.999311 -0.035311 69.915916 0.219919 0.031938 0.974995 24.014261 0.000000 0.000000 0.000000 1.000000
0.968832 -0.009508 -0.247535 12.593732 0.008805 0.999953 -0.003946 69.859474 0.247561 0.001643 0.968871 23.381136 0.000000 0.000000 0.000000 1.000000
0.962812 -0.000409 -0.270172 11.634427 0.006978 0.999703 0.023351 69.910889 0.270082 -0.024368 0.962529 22.608706 0.000000 0.000000 0.000000 1.000000
0.958102 0.007126 -0.286340 10.542847 0.006265 0.998930 0.045824 70.136261 0.286360 -0.045698 0.957032 21.640602 0.000000 0.000000 0.000000 1.000000
0.955205 0.011953 -0.295705 9.336155 0.006902 0.998012 0.062638 70.630592 0.295866 -0.061873 0.953223 20.418446 0.000000 0.000000 0.000000 1.000000
0.954494 0.013441 -0.297926 8.035048 0.008875 0.997261 0.073426 71.452591 0.298097 -0.072728 0.951761 18.912100 0.000000 0.000000 0.000000 1.000000
0.956108 0.011739 -0.292779 6.680981 0.011952 0.996803 0.078999 72.541611 0.292771 -0.079031 0.952911 17.162296 0.000000 0.000000 0.000000 1.000000
0.959700 0.008059 -0.280911 5.379086 0.015406 0.996577 0.081222 73.639526 0.280603 -0.082277 0.956291 15.349312 0.000000 0.000000 0.000000 1.000000
0.964522 0.002158 -0.263994 4.142575 0.020318 0.996394 0.082377 74.635834 0.263220 -0.084818 0.961000 13.567383 0.000000 0.000000 0.000000 1.000000
0.969622 -0.004922 -0.244561 3.037435 0.026334 0.996087 0.084360 75.560806 0.243188 -0.088237 0.965957 11.821568 0.000000 0.000000 0.000000 1.000000
0.974367 -0.012235 -0.224631 2.129282 0.032570 0.995672 0.087045 76.452194 0.222593 -0.092130 0.970548 10.143401 0.000000 0.000000 0.000000 1.000000
0.978597 -0.017760 -0.205018 1.487927 0.036642 0.995387 0.088671 77.162811 0.202497 -0.094286 0.974733 8.710856 0.000000 0.000000 0.000000 1.000000
0.982507 -0.021583 -0.184973 1.039625 0.038530 0.995329 0.088522 77.756691 0.182198 -0.094100 0.978749 7.474170 0.000000 0.000000 0.000000 1.000000
0.986196 -0.023627 -0.163888 0.689588 0.038288 0.995482 0.086884 78.277443 0.161095 -0.091959 0.982645 6.366548 0.000000 0.000000 0.000000 1.000000
0.989546 -0.023091 -0.142356 0.401747 0.035386 0.995799 0.084447 78.717911 0.139808 -0.088602 0.986207 5.372289 0.000000 0.000000 0.000000 1.000000
0.992352 -0.020242 -0.121771 0.156298 0.030313 0.996218 0.081432 79.103012 0.119662 -0.084500 0.989212 4.477587 0.000000 0.000000 0.000000 1.000000
0.994501 -0.016320 -0.103446 -0.058939 0.024400 0.996707 0.077332 79.476471 0.101843 -0.079431 0.991624 3.677899 0.000000 0.000000 0.000000 1.000000
0.996052 -0.012833 -0.087834 -0.255209 0.019168 0.997245 0.071660 79.880302 0.086672 -0.073060 0.993554 2.975918 0.000000 0.000000 0.000000 1.000000
0.997168 -0.010485 -0.074470 -0.435986 0.015317 0.997793 0.064614 80.334183 0.073628 -0.065572 0.995128 2.380058 0.000000 0.000000 0.000000 1.000000
0.998013 -0.008253 -0.062465 -0.570521 0.011823 0.998304 0.057006 80.800896 0.061889 -0.057631 0.996418 1.906579 0.000000 0.000000 0.000000 1.000000
0.998691 -0.005531 -0.050844 -0.666291 0.008055 0.998739 0.049562 81.281792 0.050505 -0.049907 0.997476 1.544384 0.000000 0.000000 0.000000 1.000000
0.999238 -0.001952 -0.038977 -0.730331 0.003603 0.999098 0.042320 81.771072 0.038859 -0.042428 0.998344 1.274188 0.000000 0.000000 0.000000 1.000000
0.999632 0.002632 -0.026984 -0.744281 -0.001695 0.999396 0.034714 82.218964 0.027059 -0.034655 0.999033 1.080459 0.000000 0.000000 0.000000 1.000000
0.999840 0.008004 -0.016009 -0.673735 -0.007579 0.999623 0.026402 82.556252 0.016215 -0.026276 0.999523 0.952541 0.000000 0.000000 0.000000 1.000000
0.999886 0.013001 -0.007672 -0.508643 -0.012861 0.999754 0.018077 82.772697 0.007905 -0.017976 0.999807 0.878228 0.000000 0.000000 0.000000 1.000000
0.999857 0.016723 -0.002634 -0.270261 -0.016694 0.999804 0.010688 82.899406 0.002812 -0.010643 0.999939 0.847688 0.000000 0.000000 0.000000 1.000000
0.999817 0.019147 0.000010 -0.005951 -0.019147 0.999807 0.004404 82.985268 0.000075 -0.004403 0.999990 0.845253 0.000000 0.000000 0.000000 1.000000</float_array><technique_common><accessor source="#Hips-Matrix-animation-output-transform-array" count="163" stride="16"><param type="float4x4"/></accessor></technique_common></source><source id="Hips-Interpolations"><Name_array id="Hips-Interpolations-array" count="163">
 LINEAR LINEAR LINEAR LINEAR LINEAR LINEAR LINEAR LINEAR LINEAR LINEAR LINEAR
LINEAR LINEAR LINEAR LINEAR LINEAR LINEAR LINEAR LINEAR LINEAR LINEAR LINEAR LINEAR
LINEAR LINEAR LINEAR LINEAR LINEAR LINEAR LINEAR LINEAR LINEAR LINEAR LINEAR LINEAR
LINEAR LINEAR LINEAR LINEAR LINEAR LINEAR LINEAR LINEAR LINEAR LINEAR LINEAR LINEAR
LINEAR LINEAR LINEAR LINEAR LINEAR LINEAR LINEAR LINEAR LINEAR LINEAR LINEAR LINEAR
LINEAR LINEAR LINEAR LINEAR LINEAR LINEAR LINEAR LINEAR LINEAR LINEAR LINEAR LINEAR
LINEAR LINEAR LINEAR LINEAR LINEAR LINEAR LINEAR LINEAR LINEAR LINEAR LINEAR LINEAR
LINEAR LINEAR LINEAR LINEAR LINEAR LINEAR LINEAR LINEAR LINEAR LINEAR LINEAR LINEAR
LINEAR LINEAR LINEAR LINEAR LINEAR LINEAR LINEAR LINEAR LINEAR LINEAR LINEAR LINEAR
LINEAR LINEAR LINEAR LINEAR LINEAR LINEAR LINEAR LINEAR LINEAR LINEAR LINEAR LINEAR
LINEAR LINEAR LINEAR LINEAR LINEAR LINEAR LINEAR LINEAR LINEAR LINEAR LINEAR LINEAR
LINEAR LINEAR LINEAR LINEAR LINEAR LINEAR LINEAR LINEAR LINEAR LINEAR LINEAR LINEAR
LINEAR LINEAR LINEAR LINEAR LINEAR LINEAR LINEAR LINEAR LINEAR LINEAR LINEAR LINEAR
LINEAR LINEAR LINEAR LINEAR LINEAR LINEAR LINEAR LINEAR</Name_array><technique_common><accessor source="#Hips-Interpolations-array" count="163"><param type="name"/></accessor></technique_common></source><sampler id="Hips-Matrix-animation-transform"><input semantic="INPUT" source="#Hips-Matrix-animation-input"/><input semantic="OUTPUT" source="#Hips-Matrix-animation-output-transform"/><input semantic="INTERPOLATION" source="#Hips-Interpolations"/></sampler><channel source="#Hips-Matrix-animation-transform" target="Hips/matrix"/></animation>
    <animation id="Spine-anim" name="Spine"><source id="Spine-Matrix-animation-input"><float_array id="Spine-Matrix-animation-input-array" count="163">

0.000000 0.033333 0.066667 0.100000 0.133333 0.166667 0.200000 0.233333 0.266667 0.300000 0.333333 0.366667 0.400000 0.433333 0.466667 0.500000
0.533333 0.566667 0.600000 0.633333 0.666667 0.700000 0.733333 0.766667 0.800000 0.833333 0.866667 0.900000 0.933333 0.966667 1.000000 1.033333
1.066667 1.100000 1.133333 1.166667 1.200000 1.233333 1.266667 1.300000 1.333333 1.366667 1.400000 1.433333 1.466667 1.500000 1.533333 1.566667
1.600000 1.633333 1.666667 1.700000 1.733333 1.766667 1.800000 1.833333 1.866667 1.900000 1.933333 1.966667 2.000000 2.033333 2.066667 2.100000
2.133333 2.166667 2.200000 2.233333 2.266667 2.300000 2.333333 2.366667 2.400000 2.433333 2.466667 2.500000 2.533333 2.566667 2.600000 2.633333
2.666667 2.700000 2.733333 2.766667 2.800000 2.833333 2.866667 2.900000 2.933333 2.966667 3.000000 3.033333 3.066667 3.100000 3.133333 3.166667
3.200000 3.233333 3.266667 3.300000 3.333333 3.366667 3.400000 3.433333 3.466667 3.500000 3.533333 3.566667 3.600000 3.633333 3.666667 3.700000
3.733333 3.766667 3.800000 3.833333 3.866667 3.900000 3.933333 3.966667 4.000000 4.033333 4.066667 4.100000 4.133333 4.166667 4.200000 4.233333
4.266667 4.300000 4.333333 4.366667 4.400000 4.433333 4.466667 4.500000 4.533333 4.566667 4.600000 4.633333 4.666667 4.700000 4.733333 4.766667
4.800000 4.833333 4.866667 4.900000 4.933333 4.966667 5.000000 5.033333 5.066667 5.100000 5.133333 5.166667 5.200000 5.233333 5.266667 5.300000
5.333333 5.366667 5.400000</float_array><technique_common><accessor source="#Spine-Matrix-animation-input-array" count="163"><param name="TIME" type="float"/></accessor></technique_common></source><source id="Spine-Matrix-animation-output-transform"><float_array id="Spine-Matrix-animation-output-transform-array" count="2608">

0.999967 -0.006765 0.004514 -0.000000 0.007773 0.958358 -0.285463 13.663900 -0.002395 0.285488 0.958379 -1.184000 0.000000 0.000000 0.000000 1.000000
0.999973 -0.005690 0.004686 -0.000000 0.006791 0.958296 -0.285696 13.663900 -0.002865 0.285720 0.958309 -1.184000 0.000000 0.000000 0.000000 1.000000
0.999976 -0.004949 0.004834 -0.000000 0.006122 0.958521 -0.284955 13.663900 -0.003223 0.284978 0.958529 -1.184000 0.000000 0.000000 0.000000 1.000000
0.999978 -0.004476 0.004969 -0.000000 0.005700 0.958990 -0.283382 13.663900 -0.003497 0.283403 0.958994 -1.184000 0.000000 0.000000 0.000000 1.000000
0.999979 -0.004034 0.005096 -0.000000 0.005304 0.959653 -0.281138 13.663900 -0.003756 0.281159 0.959654 -1.184000 0.000000 0.000000 0.000000 1.000000
0.999981 -0.003370 0.005180 -0.000000 0.004678 0.960490 -0.278274 13.663900 -0.004038 0.278293 0.960488 -1.184000 0.000000 0.000000 0.000000 1.000000
0.999984 -0.002410 0.005200 -0.000000 0.003746 0.961472 -0.274876 13.663900 -0.004338 0.274891 0.961466 -1.184000 0.000000 0.000000 0.000000 1.000000
0.999986 -0.001332 0.005112 -0.000000 0.002669 0.962519 -0.271200 13.663900 -0.004559 0.271210 0.962509 -1.184000 0.000000 0.000000 0.000000 1.000000
0.999988 -0.000441 0.004788 0.000000 0.001706 0.963576 -0.267429 13.663900 -0.004495 0.267434 0.963566 -1.184000 0.000000 0.000000 0.000000 1.000000
0.999989 0.000153 0.004591 0.000000 0.001061 0.964713 -0.263303 13.663900 -0.004469 0.263305 0.964702 -1.184000 0.000000 0.000000 0.000000 1.000000
0.999988 0.000671 0.004856 -0.000000 0.000605 0.966084 -0.258228 13.663900 -0.004865 0.258228 0.966072 -1.184000 0.000000 0.000000 0.000000 1.000000
0.999982 0.001608 0.005708 -0.000000 -0.000118 0.967730 -0.251990 13.663900 -0.005929 0.251985 0.967713 -1.184000 0.000000 0.000000 0.000000 1.000000
0.999973 0.003203 0.006653 0.000000 -0.001473 0.969433 -0.245353 13.663900 -0.007235 0.245337 0.969411 -1.184000 0.000000 0.000000 0.000000 1.000000
0.999963 0.005168 0.006894 0.000000 -0.003364 0.970813 -0.239816 13.663900 -0.007932 0.239783 0.970794 -1.184000 0.000000 0.000000 0.000000 1.000000
0.999959 0.006826 0.005921 0.000000 -0.005232 0.971607 -0.236544 13.663900 -0.007367 0.236503 0.971603 -1.184000 0.000000 0.000000 0.000000 1.000000
0.999963 0.007802 0.003700 0.000000 -0.006711 0.971820 -0.235630 13.663900 -0.005435 0.235596 0.971836 -1.184000 0.000000 0.000000 0.000000 1.000000
0.999968 0.007920 0.000547 -0.000000 -0.007567 0.971699 -0.236101 13.663900 -0.002402 0.236090 0.971728 -1.184000 0.000000 0.000000 0.000000 1.000000
0.999973 0.006724 -0.003069 0.000000 -0.007259 0.971582 -0.236591 13.663900 0.001390 0.236607 0.971604 -1.184000 0.000000 0.000000 0.000000 1.000000
0.999975 0.003050 -0.006314 0.000000 -0.004454 0.971750 -0.235969 13.663900 0.005416 0.235991 0.971740 -1.184000 0.000000 0.000000 0.000000 1.000000
0.999960 -0.003852 -0.008060 0.000000 0.001864 0.972378 -0.233404 13.663900 0.008737 0.233379 0.972347 -1.184000 0.000000 0.000000 0.000000 1.000000
0.999882 -0.013595 -0.007132 0.000000 0.011611 0.973578 -0.228060 13.663900 0.010044 0.227951 0.973621 -1.184000 0.000000 0.000000 0.000000 1.000000
0.999694 -0.024565 -0.002944 -0.000000 0.023323 0.975411 -0.219158 13.663900 0.008255 0.219022 0.975685 -1.184000 0.000000 0.000000 0.000000 1.000000
0.999391 -0.034692 0.003844 0.000000 0.034738 0.977819 -0.206552 13.663900 0.003407 0.206560 0.978428 -1.184000 0.000000 0.000000 0.000000 1.000000
0.999143 -0.040192 0.009845 -0.000000 0.041333 0.980707 -0.191065 13.663900 -0.001976 0.191309 0.981528 -1.184000 0.000000 0.000000 0.000000 1.000000
0.998888 -0.044615 0.015250 0.000000 0.046590 0.983670 -0.173844 13.663900 -0.007245 0.174361 0.984655 -1.184000 0.000000 0.000000 0.000000 1.000000
0.998713 -0.046978 0.019134 0.000000 0.049389 0.986574 -0.155665 13.663900 -0.011564 0.156410 0.987625 -1.184000 0.000000 0.000000 0.000000 1.000000
0.998492 -0.049500 0.023747 0.000000 0.052295 0.989208 -0.136869 13.663900 -0.016716 0.137904 0.990304 -1.184000 0.000000 0.000000 0.000000 1.000000
0.998221 -0.051469 0.030087 0.000000 0.054676 0.991522 -0.117875 13.663900 -0.023765 0.119311 0.992573 -1.184000 0.000000 0.000000 0.000000 1.000000
0.997977 -0.051222 0.037670 0.000000 0.054746 0.993543 -0.099379 13.663900 -0.032336 0.101240 0.994336 -1.184000 0.000000 0.000000 0.000000 1.000000
0.997804 -0.048530 0.045087 0.000000 0.052120 0.995252 -0.082199 13.663900 -0.040883 0.084368 0.995596 -1.184000 0.000000 0.000000 0.000000 1.000000
0.997696 -0.044664 0.051058 -0.000000 0.048043 0.996598 -0.066969 13.663900 -0.047893 0.069268 0.996448 -1.184000 0.000000 0.000000 0.000000 1.000000
0.997634 -0.040906 0.055247 -0.000000 0.043883 0.997587 -0.053796 13.663900 -0.052913 0.056093 0.997022 -1.184000 0.000000 0.000000 0.000000 1.000000
0.997596 -0.037723 0.058131 0.000000 0.040213 0.998296 -0.042277 13.663900 -0.056438 0.044513 0.997413 -1.184000 0.000000 0.000000 0.000000 1.000000
0.997578 -0.034730 0.060271 -0.000000 0.036714 0.998809 -0.032130 13.663900 -0.059084 0.034265 0.997665 -1.184000 0.000000 0.000000 0.000000 1.000000
0.997577 -0.031926 0.061810 0.000000 0.033445 0.999159 -0.023702 13.663900 -0.061001 0.025712 0.997806 -1.184000 0.000000 0.000000 0.000000 1.000000
0.997613 -0.029621 0.062378 0.000000 0.030782 0.999369 -0.017733 13.663900 -0.061814 0.019610 0.997895 -1.184000 0.000000 0.000000 0.000000 1.000000
0.997709 -0.027759 0.061701 -0.000000 0.028710 0.999481 -0.014577 13.663900 -0.061265 0.016315 0.997988 -1.184000 0.000000 0.000000 0.000000 1.000000
0.997853 -0.025643 0.060268 0.000000 0.026492 0.999560 -0.013334 13.663900 -0.059899 0.014902 0.998093 -1.184000 0.000000 0.000000 0.000000 1.000000
0.998003 -0.022689 0.058943 0.000000 0.023483 0.999642 -0.012815 13.663900 -0.058631 0.014174 0.998179 -1.184000 0.000000 0.000000 0.000000 1.000000
0.998124 -0.018386 0.058394 0.000000 0.019166 0.999734 -0.012831 13.663900 -0.058143 0.013926 0.998211 -1.184000 0.000000 0.000000 0.000000 1.000000
0.998224 -0.012799 0.058173 0.000000 0.013620 0.999813 -0.013734 13.663900 -0.057986 0.014502 0.998212 -1.184000 0.000000 0.000000 0.000000 1.000000
0.998262 -0.006806 0.058546 -0.000000 0.007754 0.999842 -0.015976 13.663900 -0.058428 0.016402 0.998157 -1.184000 0.000000 0.000000 0.000000 1.000000
0.998240 -0.000356 0.059303 0.000000 0.001540 0.999800 -0.019920 13.663900 -0.059284 0.019976 0.998041 -1.184000 0.000000 0.000000 0.000000 1.000000
0.998118 0.006553 0.060975 0.000000 -0.004982 0.999652 -0.025887 13.663900 -0.061124 0.025534 0.997804 -1.184000 0.000000 0.000000 0.000000 1.000000
0.997789 0.011479 0.065459 0.000000 -0.009261 0.999376 -0.034092 13.663900 -0.065809 0.033410 0.997273 -1.184000 0.000000 0.000000 0.000000 1.000000
0.997382 0.019408 0.069664 0.000000 -0.016282 0.998847 -0.045159 13.663900 -0.070460 0.043906 0.996548 -1.184000 0.000000 0.000000 0.000000 1.000000
0.997104 0.032812 0.068601 0.000000 -0.028736 0.997810 -0.059582 13.663900 -0.070406 0.057438 0.995863 -1.184000 0.000000 0.000000 0.000000 1.000000
0.997099 0.043722 0.062305 -0.000000 -0.038881 0.996281 -0.076898 13.663900 -0.065436 0.074252 0.995090 -1.184000 0.000000 0.000000 0.000000 1.000000
0.997295 0.049486 0.054353 0.000000 -0.044109 0.994401 -0.096029 13.663900 -0.058801 0.093372 0.993893 -1.184000 0.000000 0.000000 0.000000 1.000000
0.997482 0.052370 0.047830 0.000000 -0.046600 0.992310 -0.114671 13.663900 -0.053467 0.112153 0.992251 -1.184000 0.000000 0.000000 0.000000 1.000000
0.997522 0.054917 0.043975 0.000000 -0.048803 0.990347 -0.129734 13.663900 -0.050675 0.127266 0.990573 -1.184000 0.000000 0.000000 0.000000 1.000000
0.997496 0.057463 0.041223 0.000000 -0.051205 0.988903 -0.139457 13.663900 -0.048779 0.136997 0.989370 -1.184000 0.000000 0.000000 0.000000 1.000000
0.997565 0.058319 0.038250 -0.000000 -0.052207 0.988065 -0.144917 13.663900 -0.046245 0.142567 0.988704 -1.184000 0.000000 0.000000 0.000000 1.000000
0.997787 0.056532 0.035010 0.000000 -0.050728 0.987550 -0.148901 13.663900 -0.042992 0.146795 0.988232 -1.184000 0.000000 0.000000 0.000000 1.000000
0.998023 0.053954 0.032248 0.000000 -0.048405 0.986998 -0.153269 13.663900 -0.040098 0.151405 0.987658 -1.184000 0.000000 0.000000 0.000000 1.000000
0.998168 0.052675 0.029773 -0.000000 -0.047343 0.986331 -0.157826 13.663900 -0.037679 0.156127 0.987018 -1.184000 0.000000 0.000000 0.000000 1.000000
0.998254 0.052549 0.026972 0.000000 -0.047523 0.985713 -0.161591 13.663900 -0.035078 0.160027 0.986489 -1.184000 0.000000 0.000000 0.000000 1.000000
0.998364 0.052051 0.023653 0.000000 -0.047474 0.985262 -0.164331 13.663900 -0.031858 0.162939 0.986122 -1.184000 0.000000 0.000000 0.000000 1.000000
0.998524 0.050409 0.020220 0.000000 -0.046347 0.984925 -0.166656 13.663900 -0.028317 0.165473 0.985808 -1.184000 0.000000 0.000000 0.000000 1.000000
0.998709 0.047895 0.016922 0.000000 -0.044351 0.984582 -0.169209 13.663900 -0.024765 0.168240 0.985435 -1.184000 0.000000 0.000000 0.000000 1.000000
0.998888 0.045044 0.013886 0.000000 -0.041988 0.984179 -0.172128 13.663900 -0.021419 0.171354 0.984977 -1.184000 0.000000 0.000000 0.000000 1.000000
0.999052 0.042090 0.011137 -0.000000 -0.039494 0.983755 -0.175116 13.663900 -0.018327 0.174511 0.984485 -1.184000 0.000000 0.000000 0.000000 1.000000
0.999189 0.039362 0.008460 0.000000 -0.037233 0.983360 -0.177813 13.663900 -0.015318 0.177354 0.984028 -1.184000 0.000000 0.000000 0.000000 1.000000
